game_date,game_year,game_pk,src,pitch_type,pitch_name,release_speed,release_spin_rate,pfx_x,pfx_z,plate_x,plate_z,sz_top,sz_bot,stand,balls,strikes,description,events,zone,at_bat_number,pitch_number,hb_in,ivb_in
2023-09-27,2023,716414,FILE,FF,4-Seam Fastball,95.5,2248.0,-0.71,1.6,0.31,2.36,3.46,1.65,L,0,0,foul,,6.0,5,1,-8.52,19.2
2023-09-27,2023,716414,FILE,SI,Sinker,94.7,1691.0,-1.04,0.96,-1.53,3.19,3.42,1.65,L,0,1,ball,,11.0,5,2,-12.48,11.52
2023-09-27,2023,716414,FILE,CH,Changeup,87.2,1410.0,-1.39,0.46,-0.78,2.11,3.46,1.65,L,1,1,foul,,7.0,5,3,-16.68,5.52
2023-09-27,2023,716414,FILE,FF,4-Seam Fastball,95.4,2262.0,-0.62,1.64,-0.06,3.28,3.46,1.65,L,1,2,swinging_strike,strikeout,2.0,5,4,-7.44,19.68
2023-09-27,2023,716414,FILE,FF,4-Seam Fastball,96.1,2301.0,-0.66,1.5,0.36,3.63,3.4,1.6,R,0,0,ball,,12.0,6,1,-7.92,18.0
2023-09-27,2023,716414,FILE,FF,4-Seam Fastball,95.2,2076.0,-0.44,1.37,-0.09,3.06,3.49,1.69,R,1,0,foul_tip,,2.0,6,2,-5.28,16.44
2023-09-27,2023,716414,FILE,SL,Slider,87.2,2412.0,0.12,0.05,0.08,2.8,3.49,1.69,R,1,1,foul,,5.0,6,3,1.44,0.6
2023-09-27,2023,716414,FILE,SL,Slider,87.7,2458.0,0.14,0.11,1.62,0.3,3.5,1.76,R,1,2,ball,,14.0,6,4,1.68,1.32
2023-09-27,2023,716414,FILE,FF,4-Seam Fastball,96.7,2287.0,-0.73,1.62,0.3,2.57,3.49,1.69,R,2,2,hit_into_play,field_out,6.0,6,5,-8.76,19.44
2023-09-27,2023,716414,FILE,SL,Slider,87.2,2485.0,0.03,0.37,0.89,1.11,3.45,1.61,R,0,0,ball,,14.0,7,1,0.36,4.44
2023-09-27,2023,716414,FILE,SL,Slider,87.7,2453.0,0.11,0.51,0.2,1.94,3.46,1.61,R,1,0,hit_into_play,single,8.0,7,2,1.32,6.12
2023-09-27,2023,716414,FILE,FF,4-Seam Fastball,93.7,2138.0,-0.43,1.48,-1.22,2.83,3.42,1.65,L,0,0,ball,,11.0,8,1,-5.16,17.76
2023-09-27,2023,716414,FILE,SL,Slider,87.0,2544.0,0.36,0.27,0.98,1.0,3.35,1.6,L,1,0,swinging_strike,,14.0,8,2,4.32,3.24
2023-09-27,2023,716414,FILE,FF,4-Seam Fastball,94.1,2245.0,-0.59,1.64,-1.05,2.63,3.29,1.63,L,1,1,ball,,11.0,8,3,-7.08,19.68
2023-09-27,2023,716414,FILE,SL,Slider,86.0,2414.0,0.3,0.16,-0.48,1.78,3.35,1.6,L,2,1,swinging_strike,,7.0,8,4,3.6,1.92
2023-09-27,2023,716414,FILE,SL,Slider,87.4,2459.0,0.29,0.32,0.94,0.76,3.35,1.6,L,2,2,swinging_strike_blocked,strikeout,14.0,8,5,3.48,3.84
2023-09-27,2023,716414,FILE,FF,4-Seam Fastball,93.1,2052.0,-0.41,1.34,0.2,2.22,3.61,1.84,R,0,0,hit_into_play,home_run,8.0,13,1,-4.92,16.08
2023-09-27,2023,716414,FILE,SL,Slider,85.0,2476.0,0.36,0.0,1.16,2.95,3.11,1.47,R,0,0,ball,,12.0,14,1,4.32,0.0
2023-09-27,2023,716414,FILE,SL,Slider,85.6,2390.0,0.45,0.31,0.52,1.97,3.11,1.48,R,1,0,called_strike,,9.0,14,2,5.4,3.72
2023-09-27,2023,716414,FILE,SI,Sinker,94.5,1974.0,-1.14,1.2,-1.11,2.33,3.12,1.48,R,1,1,hit_into_play,field_out,11.0,14,3,-13.68,14.4
2023-09-27,2023,716414,FILE,CH,Changeup,87.6,1515.0,-1.42,0.96,-1.06,2.29,3.42,1.65,L,0,0,ball,,13.0,15,1,-17.04,11.52
2023-09-27,2023,716414,FILE,CH,Changeup,87.1,1730.0,-0.94,1.03,-0.46,2.77,3.58,1.7,L,1,0,foul,,4.0,15,2,-11.28,12.36
2023-09-27,2023,716414,FILE,FF,4-Seam Fastball,95.1,2113.0,-0.42,1.49,-0.54,2.33,3.58,1.7,L,1,1,foul,,4.0,15,3,-5.04,17.88
2023-09-27,2023,716414,FILE,SL,Slider,86.1,2450.0,-0.25,0.41,0.55,1.29,3.35,1.65,L,1,2,ball,,14.0,15,4,-3.0,4.92
2023-09-27,2023,716414,FILE,FF,4-Seam Fastball,95.8,2182.0,-0.52,1.4,-0.06,3.07,3.58,1.7,L,2,2,hit_into_play,field_out,2.0,15,5,-6.24,16.8
2023-09-27,2023,716414,FILE,SL,Slider,86.6,2430.0,0.04,0.3,0.48,1.34,3.54,1.75,R,0,0,swinging_strike,,14.0,16,1,0.48,3.6
2023-09-27,2023,716414,FILE,SL,Slider,86.5,2547.0,-0.1,0.23,1.34,-0.46,3.53,1.78,R,0,1,ball,,14.0,16,2,-1.2,2.76
2023-09-27,2023,716414,FILE,CU,Curveball,76.7,2392.0,0.59,-0.7,0.11,1.94,3.54,1.75,R,1,1,hit_into_play,single,8.0,16,3,7.08,-8.4
2023-09-27,2023,716414,FILE,FF,4-Seam Fastball,92.8,1959.0,-0.65,1.12,-0.09,2.0,3.41,1.59,R,0,0,hit_into_play,field_out,8.0,17,1,-7.8,13.44
2023-09-29,2023,716389,FILE,SL,Slider,84.6,2435.0,0.12,0.15,0.18,1.86,3.32,1.52,R,0,0,called_strike,,8.0,76,1,1.44,1.8
2023-09-29,2023,716389,FILE,FF,4-Seam Fastball,94.2,2112.0,-0.47,1.55,1.5,2.56,3.35,1.55,R,0,1,ball,,12.0,76,2,-5.64,18.6
2023-09-29,2023,716389,FILE,FF,4-Seam Fastball,95.6,2034.0,-0.5,1.46,0.72,2.25,3.17,1.51,R,1,1,swinging_strike,,6.0,76,3,-6.0,17.52
2023-09-29,2023,716389,FILE,FF,4-Seam Fastball,94.5,2222.0,-0.5,1.54,0.83,4.78,3.3,1.5,R,1,2,ball,,12.0,76,4,-6.0,18.48
2023-09-29,2023,716389,FILE,FF,4-Seam Fastball,96.2,2151.0,-0.58,1.51,0.61,2.58,3.17,1.51,R,2,2,foul,,6.0,76,5,-6.96,18.12
2023-09-29,2023,716389,FILE,SL,Slider,84.9,2519.0,0.24,0.12,-0.57,2.97,3.17,1.51,R,2,2,foul,,1.0,76,6,2.88,1.44
2023-09-29,2023,716389,FILE,FF,4-Seam Fastball,96.4,2202.0,-0.44,1.49,0.42,1.72,3.17,1.51,R,2,2,foul,,9.0,76,7,-5.28,17.88
2023-09-29,2023,716389,FILE,SI,Sinker,96.0,1969.0,-0.94,1.03,-0.38,3.15,3.17,1.51,R,2,2,foul,,1.0,76,8,-11.28,12.36
2023-09-29,2023,716389,FILE,SL,Slider,84.7,2482.0,0.3,-0.02,0.23,2.66,3.17,1.51,R,2,2,foul,,2.0,76,9,3.6,-0.24
2023-09-29,2023,716389,FILE,SL,Slider,84.9,2600.0,0.15,0.18,-0.25,0.55,3.35,1.61,R,2,2,blocked_ball,,13.0,76,10,1.8,2.16
2023-09-29,2023,716389,FILE,FF,4-Seam Fastball,95.1,2285.0,-0.49,1.26,0.49,0.99,3.17,1.51,R,3,2,hit_into_play,single,14.0,76,11,-5.88,15.12
2023-09-29,2023,716389,FILE,SI,Sinker,94.5,2046.0,-1.12,0.99,-1.15,1.29,3.53,1.67,L,0,0,ball,,13.0,77,1,-13.44,11.88
2023-09-29,2023,716389,FILE,SL,Slider,84.1,2415.0,0.52,-0.16,-0.04,1.49,3.47,1.61,L,1,0,called_strike,,8.0,77,2,6.24,-1.92
2023-09-29,2023,716389,FILE,SI,Sinker,95.5,2112.0,-1.25,0.82,-0.73,2.27,3.47,1.64,L,1,1,hit_into_play,single,4.0,77,3,-15.0,9.84
2023-09-29,2023,716389,FILE,SL,Slider,85.1,2434.0,-0.01,0.44,-0.49,1.64,3.2,1.46,R,0,0,foul,,7.0,78,1,-0.12,5.28
2023-09-29,2023,716389,FILE,SL,Slider,85.5,2472.0,0.22,0.28,1.53,-0.33,3.2,1.5,R,0,1,blocked_ball,,14.0,78,2,2.64,3.36
2023-09-29,2023,716389,FILE,FF,4-Seam Fastball,95.0,2207.0,-0.61,1.39,-0.24,2.21,3.2,1.46,R,1,1,hit_into_play,field_out,5.0,78,3,-7.32,16.68
2023-09-29,2023,716389,FILE,FF,4-Seam Fastball,94.3,2202.0,-0.63,1.43,-1.41,1.77,3.32,1.61,L,0,0,ball,,13.0,79,1,-7.56,17.16
2023-09-29,2023,716389,FILE,SI,Sinker,93.6,1892.0,-1.14,0.82,-0.72,2.95,3.2,1.51,L,1,0,foul,,1.0,79,2,-13.68,9.84
2023-09-29,2023,716389,FILE,SL,Slider,84.0,2504.0,0.18,-0.16,-0.01,0.58,3.2,1.51,L,1,1,swinging_strike,,13.0,79,3,2.16,-1.92
2023-09-29,2023,716389,FILE,FF,4-Seam Fastball,94.0,2121.0,-0.57,1.14,-0.09,4.11,3.3,1.55,L,1,2,ball,,11.0,79,4,-6.84,13.68
2023-09-29,2023,716389,FILE,SI,Sinker,94.4,1943.0,-0.91,0.84,-1.29,2.8,3.32,1.52,L,2,2,ball,,11.0,79,5,-10.92,10.08
2023-09-29,2023,716389,FILE,SL,Slider,83.4,2562.0,0.38,-0.17,-0.18,2.78,3.2,1.51,L,3,2,hit_into_play,field_out,2.0,79,6,4.56,-2.04
2023-09-29,2023,716389,FILE,SL,Slider,86.3,2380.0,0.4,-0.15,0.77,1.56,3.25,1.5,R,0,0,swinging_strike,,9.0,80,1,4.8,-1.8
2023-09-29,2023,716389,FILE,SL,Slider,84.0,2481.0,0.56,-0.1,0.42,2.93,3.25,1.5,R,0,1,swinging_strike,,3.0,80,2,6.72,-1.2
2023-09-29,2023,716389,FILE,FF,4-Seam Fastball,93.9,2043.0,-0.19,1.25,-0.26,5.1,3.25,1.5,R,0,2,ball,,11.0,80,3,-2.28,15.0
2023-09-29,2023,716389,FILE,FF,4-Seam Fastball,94.1,1938.0,-0.31,1.28,-0.49,2.09,3.32,1.55,R,1,2,called_strike,strikeout,7.0,80,4,-3.72,15.36
2024-04-29,2024,744945,FILE,SI,Sinker,94.1,2110.0,-1.0,1.04,-0.78,1.92,3.65,1.78,R,0,0,called_strike,,7.0,7,1,-12.0,12.48
2024-04-29,2024,744945,FILE,SI,Sinker,93.9,2135.0,-1.21,0.95,-0.33,1.43,3.72,1.76,R,0,1,swinging_strike,,13.0,7,2,-14.52,11.4
2024-04-29,2024,744945,FILE,SL,Slider,84.9,2588.0,0.21,0.25,0.54,3.31,3.72,1.76,R,0,2,swinging_strike,strikeout,3.0,7,3,2.52,3.0
2024-04-29,2024,744945,FILE,SI,Sinker,95.9,2140.0,-1.12,1.03,-1.51,2.95,3.74,1.71,R,0,0,ball,,11.0,8,1,-13.44,12.36
2024-04-29,2024,744945,FILE,FF,4-Seam Fastball,96.5,2381.0,-0.58,1.77,-0.55,2.76,3.71,1.74,R,1,0,swinging_strike,,4.0,8,2,-6.96,21.24
2024-04-29,2024,744945,FILE,FF,4-Seam Fastball,96.3,2402.0,-0.62,1.55,-0.76,3.36,3.71,1.74,R,1,1,foul,,1.0,8,3,-7.44,18.6
2024-04-29,2024,744945,FILE,SL,Slider,86.9,2524.0,0.17,-0.02,1.75,1.36,3.63,1.71,R,1,2,ball,,14.0,8,4,2.04,-0.24
2024-04-29,2024,744945,FILE,SL,Slider,87.2,2620.0,0.11,-0.01,0.35,0.24,3.63,1.69,R,2,2,ball,,14.0,8,5,1.32,-0.12
2024-04-29,2024,744945,FILE,FF,4-Seam Fastball,97.0,2322.0,-0.73,1.74,-1.01,4.2,3.74,1.64,R,3,2,ball,walk,11.0,8,6,-8.76,20.88
2024-04-29,2024,744945,FILE,FF,4-Seam Fastball,95.5,2267.0,-0.82,1.68,-0.29,3.79,3.29,1.48,R,0,0,ball,,11.0,9,1,-9.84,20.16
2024-04-29,2024,744945,FILE,FF,4-Seam Fastball,94.6,2248.0,-0.91,1.64,-0.49,2.66,3.49,1.6,R,1,0,swinging_strike,,4.0,9,2,-10.92,19.68
2024-04-29,2024,744945,FILE,SL,Slider,86.1,2598.0,0.32,0.37,-0.37,2.06,3.49,1.6,R,1,1,hit_into_play,home_run,7.0,9,3,3.84,4.44
2024-04-29,2024,744945,FILE,SL,Slider,87.4,2518.0,0.26,0.33,-0.28,1.29,3.15,1.45,L,0,0,ball,,13.0,10,1,3.12,3.96
2024-04-29,2024,744945,FILE,SL,Slider,86.8,2541.0,0.27,0.17,-0.18,1.13,3.17,1.44,L,1,0,foul,,13.0,10,2,3.24,2.04
2024-04-29,2024,744945,FILE,FF,4-Seam Fastball,96.2,2402.0,-0.62,1.74,1.06,2.76,3.17,1.39,L,1,1,ball,,12.0,10,3,-7.44,20.88
2024-04-29,2024,744945,FILE,FF,4-Seam Fastball,95.7,2317.0,-0.58,1.82,-0.39,2.12,3.17,1.44,L,2,1,swinging_strike,,4.0,10,4,-6.96,21.84
2024-04-29,2024,744945,FILE,SL,Slider,87.6,2649.0,0.13,0.24,0.73,1.12,3.17,1.44,L,2,2,foul,,14.0,10,5,1.56,2.88
2024-04-29,2024,744945,FILE,FF,4-Seam Fastball,96.8,2173.0,-0.74,1.45,-0.04,2.24,3.17,1.44,L,2,2,foul,,5.0,10,6,-8.88,17.4
2024-04-29,2024,744945,FILE,FF,4-Seam Fastball,96.0,2334.0,-0.74,1.59,-0.68,2.57,3.17,1.44,L,2,2,swinging_strike,strikeout,4.0,10,7,-8.88,19.08
2024-04-29,2024,744945,FILE,FF,4-Seam Fastball,97.5,2299.0,-0.68,1.52,1.16,2.29,3.31,1.5,R,0,0,ball,,14.0,11,1,-8.16,18.24
2024-04-29,2024,744945,FILE,FF,4-Seam Fastball,98.5,2542.0,-0.65,1.58,1.68,2.84,3.38,1.6,R,1,0,ball,,12.0,11,2,-7.8,18.96
2024-04-29,2024,744945,FILE,FF,4-Seam Fastball,95.5,2370.0,-0.67,1.78,1.04,1.49,3.22,1.55,R,2,0,ball,,14.0,11,3,-8.04,21.36
2024-04-29,2024,744945,FILE,FF,4-Seam Fastball,95.7,2215.0,-0.84,1.51,-0.25,0.96,3.45,1.57,R,3,0,ball,walk,13.0,11,4,-10.08,18.12
2024-04-29,2024,744945,FILE,SL,Slider,85.5,2559.0,0.09,0.3,0.21,3.45,3.15,1.48,R,0,0,ball,,12.0,12,1,1.08,3.6
2024-04-29,2024,744945,FILE,SL,Slider,85.7,2598.0,0.04,0.24,-0.14,1.84,3.23,1.55,R,1,0,hit_into_play,single,8.0,12,2,0.48,2.88
2024-04-29,2024,744945,FILE,SI,Sinker,95.6,2177.0,-1.06,1.14,-0.57,1.91,3.4,1.5,L,0,0,called_strike,,7.0,13,1,-12.72,13.68
2024-04-29,2024,744945,FILE,SI,Sinker,94.2,2034.0,-1.18,1.14,-1.76,2.63,3.51,1.64,L,0,1,ball,,11.0,13,2,-14.16,13.68
2024-04-29,2024,744945,FILE,CH,Changeup,88.0,1254.0,-1.18,0.3,-0.19,2.49,3.44,1.61,L,1,1,foul,,5.0,13,3,-14.16,3.6
2024-04-29,2024,744945,FILE,FF,4-Seam Fastball,94.2,2046.0,-0.56,1.43,-0.1,3.34,3.44,1.61,L,1,2,hit_into_play,field_out,2.0,13,4,-6.72,17.16
2024-04-29,2024,744945,FILE,SI,Sinker,93.7,2263.0,-1.17,1.01,-0.23,3.21,3.22,1.41,R,0,0,called_strike,,2.0,19,1,-14.04,12.12
2024-04-29,2024,744945,FILE,FF,4-Seam Fastball,94.2,2291.0,-0.84,1.51,-0.16,2.73,3.3,1.54,R,0,1,foul,,5.0,19,2,-10.08,18.12
2024-04-29,2024,744945,FILE,CU,Curveball,82.9,2438.0,1.02,-0.68,1.89,0.52,3.17,1.39,R,0,2,ball,,14.0,19,3,12.24,-8.16
2024-04-29,2024,744945,FILE,FF,4-Seam Fastball,95.5,2269.0,-0.61,1.55,0.24,3.7,3.3,1.54,R,1,2,foul,,12.0,19,4,-7.32,18.6
2024-04-29,2024,744945,FILE,SI,Sinker,95.8,2187.0,-1.05,1.18,-0.6,2.78,3.3,1.54,R,1,2,hit_into_play,single,1.0,19,5,-12.6,14.16
2024-04-29,2024,744945,FILE,FF,4-Seam Fastball,93.7,2063.0,-0.68,1.43,-0.94,3.18,3.37,1.53,L,0,0,swinging_strike,,11.0,20,1,-8.16,17.16
2024-04-29,2024,744945,FILE,FF,4-Seam Fastball,94.4,2186.0,-0.47,1.4,0.34,2.94,3.37,1.53,L,0,1,foul,,3.0,20,2,-5.64,16.8
2024-04-29,2024,744945,FILE,CU,Curveball,82.0,2411.0,1.42,-0.25,-0.32,2.2,3.37,1.53,L,0,2,hit_into_play,field_out,4.0,20,3,17.04,-3.0
2024-04-29,2024,744945,FILE,SL,Slider,85.1,2522.0,0.33,0.09,0.62,0.83,3.72,1.76,R,0,0,swinging_strike,,14.0,21,1,3.96,1.08
2024-04-29,2024,744945,FILE,SI,Sinker,95.6,2248.0,-1.17,1.19,-0.71,2.93,3.72,1.76,R,0,1,hit_into_play,field_out,4.0,21,2,-14.04,14.28
2024-04-29,2024,744945,FILE,SI,Sinker,95.5,2167.0,-0.91,1.29,-0.98,3.05,3.67,1.78,R,0,0,ball,,11.0,22,1,-10.92,15.48
2024-04-29,2024,744945,FILE,FF,4-Seam Fastball,95.8,2296.0,-0.52,1.66,-0.44,2.18,3.67,1.62,R,1,0,called_strike,,7.0,22,2,-6.24,19.92
2024-04-29,2024,744945,FILE,FF,4-Seam Fastball,95.2,2286.0,-0.67,1.74,-0.83,4.76,3.65,1.73,R,1,1,ball,,11.0,22,3,-8.04,20.88
2024-04-29,2024,744945,FILE,CU,Curveball,84.8,2486.0,1.38,-0.82,2.08,-0.44,3.56,1.64,R,2,1,blocked_ball,,14.0,22,4,16.56,-9.84
2024-04-29,2024,744945,FILE,SL,Slider,84.9,2492.0,0.24,0.03,0.12,1.62,3.63,1.66,R,3,1,called_strike,,8.0,22,5,2.88,0.36
2024-04-29,2024,744945,FILE,FF,4-Seam Fastball,96.9,2284.0,-0.66,1.59,-0.78,2.87,3.71,1.74,R,3,2,hit_into_play,field_out,4.0,22,6,-7.92,19.08
2024-04-29,2024,744945,FILE,FF,4-Seam Fastball,94.2,1900.0,-0.67,1.36,-0.2,3.46,3.35,1.43,R,0,0,ball,,2.0,26,1,-8.04,16.32
2024-04-29,2024,744945,FILE,FF,4-Seam Fastball,94.5,2270.0,-0.75,1.5,0.89,2.21,3.38,1.46,R,1,0,called_strike,,14.0,26,2,-9.0,18.0
2024-04-29,2024,744945,FILE,SI,Sinker,95.0,2152.0,-1.05,1.22,-0.65,3.29,3.49,1.6,R,1,1,hit_into_play,home_run,1.0,26,3,-12.6,14.64
2024-04-29,2024,744945,FILE,SI,Sinker,95.0,2123.0,-1.01,1.19,-0.55,1.54,3.15,1.39,L,0,0,called_strike,,7.0,27,1,-12.12,14.28
2024-04-29,2024,744945,FILE,CH,Changeup,87.9,1567.0,-1.23,0.37,-1.09,2.4,3.17,1.44,L,0,1,hit_into_play,field_out,11.0,27,2,-14.76,4.44
2024-04-29,2024,744945,FILE,SL,Slider,85.7,2285.0,0.13,0.21,-0.19,1.91,3.22,1.48,R,0,0,called_strike,,8.0,28,1,1.56,2.52
2024-04-29,2024,744945,FILE,CU,Curveball,83.8,2264.0,1.07,-0.58,-0.32,1.69,3.26,1.5,R,0,1,called_strike,,7.0,28,2,12.84,-6.96
2024-04-29,2024,744945,FILE,CU,Curveball,82.6,2418.0,1.04,-0.77,1.33,0.01,3.13,1.48,R,0,2,ball,,14.0,28,3,12.48,-9.24
2024-04-29,2024,744945,FILE,FF,4-Seam Fastball,95.6,2282.0,-0.68,1.64,0.31,2.41,3.29,1.53,R,1,2,hit_into_play,home_run,6.0,28,4,-8.16,19.68
2024-04-29,2024,744945,FILE,SI,Sinker,96.8,2141.0,-1.01,1.19,-0.37,1.96,3.2,1.53,R,0,0,called_strike,,7.0,29,1,-12.12,14.28
2024-04-29,2024,744945,FILE,FF,4-Seam Fastball,95.5,2107.0,-0.67,1.33,-0.12,2.26,3.23,1.55,R,0,1,foul,,5.0,29,2,-8.04,15.96
2024-04-29,2024,744945,FILE,CU,Curveball,84.6,2476.0,1.1,-0.29,1.44,1.02,3.08,1.53,R,0,2,ball,,14.0,29,3,13.2,-3.48
2024-04-29,2024,744945,FILE,CU,Curveball,86.0,2576.0,1.23,-0.56,0.89,1.91,3.23,1.55,R,1,2,swinging_strike,strikeout,14.0,29,4,14.76,-6.72
2024-04-29,2024,744945,FILE,SI,Sinker,95.9,2279.0,-0.98,1.14,-0.24,2.46,3.49,1.57,L,0,0,called_strike,,5.0,30,1,-11.76,13.68
2024-04-29,2024,744945,FILE,FF,4-Seam Fastball,94.8,2189.0,-0.7,1.44,-0.24,3.68,3.44,1.61,L,0,1,swinging_strike,,11.0,30,2,-8.4,17.28
2024-04-29,2024,744945,FILE,CU,Curveball,84.9,2571.0,1.34,-0.51,0.66,1.1,3.51,1.57,L,0,2,ball,,14.0,30,3,16.08,-6.12
2024-04-29,2024,744945,FILE,CU,Curveball,84.7,2539.0,0.74,-0.17,-0.52,1.0,3.49,1.6,L,1,2,ball,,13.0,30,4,8.88,-2.04
2024-04-29,2024,744945,FILE,CH,Changeup,87.9,1323.0,-1.27,0.59,-2.11,1.99,3.49,1.57,L,2,2,ball,,13.0,30,5,-15.24,7.08
2024-04-29,2024,744945,FILE,FF,4-Seam Fastball,96.7,2291.0,-0.52,1.53,0.04,3.83,3.44,1.61,L,3,2,foul,,12.0,30,6,-6.24,18.36
2024-04-29,2024,744945,FILE,SI,Sinker,95.2,2172.0,-1.25,1.03,-1.37,1.72,3.47,1.64,L,3,2,ball,walk,13.0,30,7,-15.0,12.36
2024-04-29,2024,744945,FILE,FF,4-Seam Fastball,94.5,2176.0,-0.49,1.55,-0.05,3.63,3.3,1.54,R,0,0,foul,,11.0,31,1,-5.88,18.6
2024-04-29,2024,744945,FILE,FF,4-Seam Fastball,94.6,1998.0,-0.54,1.34,-1.76,4.3,3.26,1.46,R,0,1,ball,,11.0,31,2,-6.48,16.08
2024-04-29,2024,744945,FILE,SL,Slider,83.6,2311.0,0.35,0.2,0.04,2.16,3.3,1.54,R,1,1,hit_into_play,single,5.0,31,3,4.2,2.4
2025-04-27,2025,778152,FILE,SI,Sinker,94.6,2234.0,-1.21,0.97,-1.57,1.35,3.42,1.7,R,0,0,ball,,13.0,63,1,-14.52,11.64
2025-04-27,2025,778152,FILE,SL,Slider,83.7,2634.0,0.42,-0.28,1.72,0.38,3.57,1.69,R,1,0,ball,,14.0,63,2,5.04,-3.36
2025-04-27,2025,778152,FILE,SI,Sinker,95.1,2289.0,-1.12,1.11,-0.32,1.69,3.49,1.71,R,2,0,called_strike,,7.0,63,3,-13.44,13.32
2025-04-27,2025,778152,FILE,SL,Slider,83.9,2539.0,0.54,-0.14,-0.75,3.12,3.47,1.72,R,2,1,called_strike,,1.0,63,4,6.48,-1.68
2025-04-27,2025,778152,FILE,SI,Sinker,97.1,2293.0,-1.06,0.97,-1.02,1.65,3.41,1.66,R,2,2,foul,,13.0,63,5,-12.72,11.64
2025-04-27,2025,778152,FILE,SL,Slider,85.6,2640.0,0.37,-0.02,0.86,1.67,3.41,1.66,R,2,2,swinging_strike,strikeout,14.0,63,6,4.44,-0.24
2025-04-27,2025,778152,FILE,SI,Sinker,96.5,2304.0,-1.08,1.17,-0.97,2.1,3.49,1.69,R,0,0,called_strike,,13.0,64,1,-12.96,14.04
2025-04-27,2025,778152,FILE,SI,Sinker,97.3,2386.0,-1.04,1.07,-0.31,2.72,3.27,1.51,R,0,1,hit_into_play,field_out,4.0,64,2,-12.48,12.84
2025-04-27,2025,778152,FILE,SL,Slider,87.0,2468.0,0.21,-0.08,0.28,1.17,3.31,1.67,R,0,0,ball,,14.0,65,1,2.52,-0.96
2025-04-27,2025,778152,FILE,SI,Sinker,97.6,2325.0,-1.22,0.98,-1.25,1.97,3.34,1.54,R,1,0,ball,,13.0,65,2,-14.64,11.76
2025-04-27,2025,778152,FILE,SI,Sinker,97.2,2215.0,-1.25,1.14,-0.87,2.36,3.33,1.6,R,2,0,hit_into_play,field_out,13.0,65,3,-15.0,13.68
2025-04-27,2025,778152,FILE,SL,Slider,85.5,2597.0,0.41,-0.2,0.24,2.37,3.62,1.64,R,0,0,called_strike,,5.0,69,1,4.92,-2.4
2025-04-27,2025,778152,FILE,SI,Sinker,96.8,2312.0,-1.09,0.95,-0.52,1.48,3.72,1.71,R,0,1,ball,,13.0,69,2,-13.08,11.4
2025-04-27,2025,778152,FILE,SL,Slider,85.9,2512.0,0.32,-0.29,0.4,0.76,3.57,1.75,R,1,1,swinging_strike,,14.0,69,3,3.84,-3.48
2025-04-27,2025,778152,FILE,FF,4-Seam Fastball,95.4,2385.0,-0.6,1.64,1.22,4.08,3.61,1.83,R,1,2,ball,,12.0,69,4,-7.2,19.68
2025-04-27,2025,778152,FILE,SL,Slider,85.5,2656.0,0.6,-0.71,0.74,1.37,3.57,1.75,R,2,2,hit_into_play,field_out,14.0,69,5,7.2,-8.52
2025-04-27,2025,778152,FILE,SL,Slider,84.3,2552.0,0.55,-0.4,-0.33,1.31,3.35,1.51,R,0,0,ball,,13.0,70,1,6.6,-4.8
2025-04-27,2025,778152,FILE,SI,Sinker,96.6,2221.0,-1.05,1.05,-0.6,1.94,3.27,1.57,R,1,0,foul,,7.0,70,2,-12.6,12.6
2025-04-27,2025,778152,FILE,SL,Slider,86.8,2600.0,0.38,-0.05,0.05,1.7,3.27,1.57,R,1,1,hit_into_play,field_out,8.0,70,3,4.56,-0.6
2025-04-27,2025,778152,FILE,FF,4-Seam Fastball,96.5,2387.0,-0.43,1.46,0.2,3.29,3.57,1.72,L,0,0,hit_into_play,field_out,2.0,71,1,-5.16,17.52
2025-05-20,2025,777836,FILE,SL,Slider,85.2,2436.0,0.28,-0.2,0.14,2.6,3.22,1.52,R,0,0,hit_into_play,grounded_into_double_play,5.0,57,1,3.36,-2.4
2025-05-20,2025,777836,FILE,FF,4-Seam Fastball,95.6,2295.0,-0.82,1.47,0.7,2.12,3.51,1.72,R,0,0,hit_into_play,field_error,9.0,62,1,-9.84,17.64
2025-05-20,2025,777836,FILE,FF,4-Seam Fastball,95.4,2322.0,-0.44,1.51,-1.06,3.44,3.22,1.59,L,0,0,ball,,11.0,63,1,-5.28,18.12
2025-05-20,2025,777836,FILE,SL,Slider,85.9,2490.0,0.39,-0.16,0.18,2.07,3.34,1.47,L,1,0,called_strike,,5.0,63,2,4.68,-1.92
2025-05-20,2025,777836,FILE,FF,4-Seam Fastball,96.1,2450.0,-0.58,1.58,-0.53,2.86,3.19,1.47,L,1,1,swinging_strike,,1.0,63,3,-6.96,18.96
2025-05-20,2025,777836,FILE,FF,4-Seam Fastball,96.5,2459.0,-0.3,1.5,0.18,2.29,3.19,1.47,L,1,2,foul,,5.0,63,4,-3.6,18.0
2025-05-20,2025,777836,FILE,SL,Slider,86.9,2481.0,0.39,-0.29,0.46,1.31,3.19,1.47,L,1,2,swinging_strike,strikeout,14.0,63,5,4.68,-3.48
2025-05-20,2025,777836,FILE,SL,Slider,84.3,2380.0,0.37,-0.4,-1.24,2.7,3.36,1.63,R,0,0,ball,,11.0,64,1,4.44,-4.8
2025-05-20,2025,777836,FILE,SL,Slider,86.3,2540.0,0.43,-0.31,-0.41,1.11,3.45,1.64,R,1,0,ball,,13.0,64,2,5.16,-3.72
2025-05-20,2025,777836,FILE,SI,Sinker,96.5,2295.0,-1.11,1.06,0.63,2.27,3.4,1.52,R,2,0,called_strike,,6.0,64,3,-13.32,12.72
2025-05-20,2025,777836,FILE,SL,Slider,87.8,2647.0,0.49,-0.3,0.32,1.15,3.4,1.55,R,2,1,ball,,14.0,64,4,5.88,-3.6
2025-05-20,2025,777836,FILE,FF,4-Seam Fastball,96.6,2390.0,-0.33,1.12,0.33,4.07,3.35,1.54,R,3,1,ball,walk,12.0,64,5,-3.96,13.44
2025-05-20,2025,777836,FILE,FF,4-Seam Fastball,96.4,2358.0,-0.6,1.35,-0.76,3.17,3.5,1.64,L,0,0,called_strike,,1.0,65,1,-7.2,16.2
2025-05-20,2025,777836,FILE,CH,Changeup,90.2,1649.0,-1.15,0.26,-0.65,1.79,3.43,1.62,L,0,1,hit_into_play,grounded_into_double_play,7.0,65,2,-13.8,3.12
2025-05-21,2025,777819,FILE,SL,Slider,85.2,2500.0,0.33,-0.28,0.48,1.04,3.25,1.59,R,0,0,ball,,14.0,22,1,3.96,-3.36
2025-05-21,2025,777819,FILE,SL,Slider,85.3,2593.0,0.25,-0.18,-0.52,2.17,3.22,1.52,R,1,0,hit_into_play,field_out,4.0,22,2,3.0,-2.16
2025-05-21,2025,777819,FILE,FF,4-Seam Fastball,96.2,2339.0,-0.36,1.65,0.4,2.29,3.36,1.59,R,0,0,called_strike,,6.0,28,1,-4.32,19.8
2025-05-21,2025,777819,FILE,FF,4-Seam Fastball,94.9,2442.0,-0.68,1.3,0.87,1.96,3.43,1.72,R,0,1,ball,,14.0,28,2,-8.16,15.6
2025-05-21,2025,777819,FILE,SL,Slider,86.2,2594.0,0.19,-0.28,-0.18,1.53,3.3,1.65,R,1,1,called_strike,,8.0,28,3,2.28,-3.36
2025-05-21,2025,777819,FILE,SL,Slider,86.1,2525.0,0.33,-0.2,-0.33,2.51,3.5,1.65,R,1,2,hit_into_play,home_run,4.0,28,4,3.96,-2.4
2025-05-21,2025,777819,FILE,FF,4-Seam Fastball,96.7,2326.0,-0.68,1.44,-0.67,1.96,3.27,1.46,L,0,0,called_strike,,7.0,29,1,-8.16,17.28
2025-05-21,2025,777819,FILE,CU,Curveball,82.7,2526.0,1.15,-0.4,-1.51,2.2,3.28,1.46,L,0,1,ball,,13.0,29,2,13.8,-4.8
2025-05-21,2025,777819,FILE,CH,Changeup,90.0,1630.0,-1.17,0.32,-1.36,2.15,3.21,1.41,L,1,1,ball,,13.0,29,3,-14.04,3.84
2025-05-21,2025,777819,FILE,FF,4-Seam Fastball,96.0,2347.0,-0.9,1.52,-1.12,2.06,3.3,1.47,L,2,1,ball,,13.0,29,4,-10.8,18.24
2025-05-21,2025,777819,FILE,FF,4-Seam Fastball,95.9,2296.0,-0.72,1.58,-0.75,2.04,3.31,1.48,L,3,1,called_strike,,7.0,29,5,-8.64,18.96
2025-05-21,2025,777819,FILE,CH,Changeup,89.3,1553.0,-0.44,0.26,-0.07,1.99,3.25,1.41,L,3,2,hit_into_play,double,5.0,29,6,-5.28,3.12
2025-05-21,2025,777819,FILE,FF,4-Seam Fastball,97.8,2345.0,-0.63,1.46,0.0,3.32,3.23,1.63,R,0,0,swinging_strike,,2.0,30,1,-7.56,17.52
2025-05-21,2025,777819,FILE,FF,4-Seam Fastball,97.4,2416.0,-0.73,1.53,0.43,2.3,3.23,1.63,R,0,1,foul,,6.0,30,2,-8.76,18.36
2025-05-21,2025,777819,FILE,FF,4-Seam Fastball,97.6,2452.0,-0.62,1.51,0.89,3.33,3.23,1.63,R,0,2,foul,,12.0,30,3,-7.44,18.12
2025-05-21,2025,777819,FILE,SL,Slider,87.3,2460.0,0.08,0.0,1.25,1.14,3.24,1.67,R,0,2,ball,,14.0,30,4,0.96,0.0
2025-05-21,2025,777819,FILE,FF,4-Seam Fastball,97.1,2371.0,-0.73,1.34,0.02,3.73,3.23,1.63,R,1,2,hit_into_play,field_out,12.0,30,5,-8.76,16.08
2025-05-21,2025,777819,FILE,SI,Sinker,97.8,2341.0,-1.08,1.03,-1.48,2.71,3.51,1.74,R,0,0,ball,,11.0,31,1,-12.96,12.36
2025-05-21,2025,777819,FILE,FF,4-Seam Fastball,97.6,2327.0,-0.37,1.36,-0.43,3.84,3.45,1.74,R,1,0,ball,,11.0,31,2,-4.44,16.32
2025-05-21,2025,777819,FILE,SL,Slider,87.7,2493.0,0.28,-0.04,0.14,2.1,3.51,1.72,R,2,0,swinging_strike,,8.0,31,3,3.36,-0.48
2025-05-21,2025,777819,FILE,SL,Slider,87.1,2408.0,0.28,-0.06,0.32,2.19,3.51,1.72,R,2,1,foul,,9.0,31,4,3.36,-0.72
2025-05-21,2025,777819,FILE,FF,4-Seam Fastball,97.0,2465.0,-0.9,1.55,-0.31,3.33,3.51,1.72,R,2,2,foul,,1.0,31,5,-10.8,18.6
2025-05-21,2025,777819,FILE,CH,Changeup,89.3,1678.0,-1.14,0.48,-0.45,1.16,3.38,1.72,R,2,2,ball,,13.0,31,6,-13.68,5.76
2025-05-21,2025,777819,FILE,SL,Slider,88.3,2493.0,0.18,0.09,0.89,1.41,3.51,1.72,R,3,2,swinging_strike,strikeout,14.0,31,7,2.16,1.08
2025-05-21,2025,777819,FILE,FF,4-Seam Fastball,95.5,2343.0,-0.93,1.36,-0.84,3.25,3.43,1.62,L,0,0,called_strike,,11.0,32,1,-11.16,16.32
2025-05-21,2025,777819,FILE,SL,Slider,86.5,2650.0,0.24,-0.03,0.54,1.83,3.36,1.6,L,0,1,hit_into_play,field_out,9.0,32,2,2.88,-0.36
2025-05-25,2025,777772,FILE,FF,4-Seam Fastball,95.4,2380.0,-0.61,1.44,0.74,3.05,3.41,1.59,L,0,0,foul,,3.0,56,1,-7.32,17.28
2025-05-25,2025,777772,FILE,CH,Changeup,86.7,1570.0,-1.32,0.05,-0.91,1.58,3.37,1.45,L,0,1,ball,,13.0,56,2,-15.84,0.6
2025-05-25,2025,777772,FILE,SL,Slider,84.9,2466.0,0.0,-0.07,-0.35,2.54,3.41,1.59,L,1,1,hit_into_play,field_out,4.0,56,3,0.0,-0.84
2025-05-25,2025,777772,FILE,FF,4-Seam Fastball,95.8,2356.0,-0.49,1.53,-0.47,4.38,3.89,1.7,L,0,0,ball,,11.0,57,1,-5.88,18.36
2025-05-25,2025,777772,FILE,CH,Changeup,89.0,1480.0,-1.6,0.21,-0.98,1.26,3.98,1.79,L,1,0,ball,,13.0,57,2,-19.2,2.52
2025-05-25,2025,777772,FILE,FF,4-Seam Fastball,95.5,2237.0,-0.76,1.51,-0.98,3.05,3.9,1.74,L,2,0,called_strike,,11.0,57,3,-9.12,18.12
2025-05-25,2025,777772,FILE,FF,4-Seam Fastball,95.8,2365.0,-0.77,1.7,-0.89,3.33,3.86,1.77,L,2,1,foul,,11.0,57,4,-9.24,20.4
2025-05-25,2025,777772,FILE,SL,Slider,85.8,2550.0,0.25,-0.18,0.42,0.79,3.89,1.74,L,2,2,ball,,14.0,57,5,3.0,-2.16
2025-05-25,2025,777772,FILE,SL,Slider,85.6,2523.0,0.14,-0.27,-0.72,2.7,3.86,1.77,L,3,2,hit_into_play,single,4.0,57,6,1.68,-3.24
2025-05-25,2025,777772,FILE,FF,4-Seam Fastball,96.2,2533.0,-1.03,1.54,0.13,1.92,3.6,1.74,L,0,0,called_strike,,8.0,58,1,-12.36,18.48
2025-05-25,2025,777772,FILE,FF,4-Seam Fastball,96.5,2414.0,-0.87,1.46,-0.56,2.85,3.62,1.68,L,0,1,swinging_strike,,4.0,58,2,-10.44,17.52
2025-05-25,2025,777772,FILE,FF,4-Seam Fastball,97.1,2347.0,-0.92,1.51,-0.9,3.14,3.62,1.68,L,0,2,foul,,11.0,58,3,-11.04,18.12
2025-05-25,2025,777772,FILE,SL,Slider,86.2,2516.0,0.16,0.06,0.73,1.12,3.72,1.7,L,0,2,ball,,14.0,58,4,1.92,0.72
2025-05-25,2025,777772,FILE,SL,Slider,87.3,2491.0,0.04,0.11,0.11,0.92,3.62,1.68,L,1,2,swinging_strike,strikeout,14.0,58,5,0.48,1.32
2025-05-27,2025,777750,FILE,SL,Slider,82.5,2442.0,0.26,-0.26,0.02,1.83,3.45,1.63,R,0,0,hit_into_play,field_out,8.0,22,1,3.12,-3.12
2025-05-27,2025,777750,FILE,FF,4-Seam Fastball,95.0,2272.0,-0.57,1.6,-1.38,4.55,3.47,1.68,L,0,0,ball,,11.0,27,1,-6.84,19.2
2025-05-27,2025,777750,FILE,CH,Changeup,87.9,1583.0,-1.1,0.41,-1.47,1.26,3.5,1.79,L,1,0,ball,,13.0,27,2,-13.2,4.92
2025-05-27,2025,777750,FILE,FF,4-Seam Fastball,94.2,2407.0,-0.74,1.51,-0.69,3.82,3.53,1.68,L,2,0,ball,,11.0,27,3,-8.88,18.12
2025-05-27,2025,777750,FILE,FF,4-Seam Fastball,94.2,2279.0,-0.68,1.62,-0.57,2.54,3.63,1.72,L,3,0,swinging_strike,,4.0,27,4,-8.16,19.44
2025-05-27,2025,777750,FILE,FF,4-Seam Fastball,95.1,2341.0,-0.6,1.38,-0.52,2.2,3.64,1.72,L,3,1,called_strike,,7.0,27,5,-7.2,16.56
2025-05-27,2025,777750,FILE,FF,4-Seam Fastball,95.3,2267.0,-0.67,1.47,-0.29,1.8,3.63,1.72,L,3,2,hit_into_play,home_run,7.0,27,6,-8.04,17.64
2025-05-27,2025,777750,FILE,SL,Slider,86.4,2473.0,0.29,0.06,0.27,2.05,3.14,1.39,R,0,0,hit_into_play,field_out,5.0,28,1,3.48,0.72
2025-05-27,2025,777750,FILE,FF,4-Seam Fastball,95.7,2338.0,-0.31,1.59,0.62,3.22,3.36,1.56,R,0,0,called_strike,,3.0,29,1,-3.72,19.08
2025-05-27,2025,777750,FILE,SL,Slider,86.2,2486.0,0.33,-0.35,1.41,1.5,3.34,1.63,R,0,1,ball,,14.0,29,2,3.96,-4.2
2025-05-27,2025,777750,FILE,FF,4-Seam Fastball,95.4,2382.0,-0.29,1.65,0.58,3.34,3.25,1.55,R,1,1,swinging_strike,,3.0,29,3,-3.48,19.8
2025-05-27,2025,777750,FILE,SL,Slider,86.4,2528.0,0.52,-0.14,0.33,1.54,3.36,1.55,R,1,2,called_strike,strikeout,9.0,29,4,6.24,-1.68
2025-05-27,2025,777750,FILE,SL,Slider,87.8,2586.0,0.38,-0.28,0.78,1.39,3.28,1.52,R,0,0,swinging_strike,,14.0,30,1,4.56,-3.36
2025-05-27,2025,777750,FILE,SL,Slider,86.1,2548.0,0.31,-0.35,0.92,1.34,3.32,1.5,R,0,1,ball,,14.0,30,2,3.72,-4.2
2025-05-27,2025,777750,FILE,FF,4-Seam Fastball,95.6,2405.0,-0.36,1.52,-0.46,4.51,3.35,1.59,R,1,1,ball,,11.0,30,3,-4.32,18.24
2025-05-27,2025,777750,FILE,FF,4-Seam Fastball,94.7,2390.0,-0.34,1.5,0.81,3.13,3.28,1.52,R,2,1,foul,,3.0,30,4,-4.08,18.0
2025-05-27,2025,777750,FILE,CU,Curveball,81.7,2571.0,0.9,-0.51,1.04,-0.04,3.28,1.52,R,2,2,swinging_strike_blocked,strikeout,14.0,30,5,10.8,-6.12
2025-05-30,2025,777711,FILE,SI,Sinker,94.8,2053.0,-1.18,1.04,-0.41,2.36,3.54,1.64,R,0,0,swinging_strike,,4.0,46,1,-14.16,12.48
2025-05-30,2025,777711,FILE,SL,Slider,86.9,2537.0,0.28,0.02,1.85,1.44,3.54,1.7,R,0,1,ball,,14.0,46,2,3.36,0.24
2025-05-30,2025,777711,FILE,SI,Sinker,97.1,2209.0,-1.2,1.18,1.4,1.88,3.62,1.68,R,1,1,ball,,14.0,46,3,-14.4,14.16
2025-05-30,2025,777711,FILE,SI,Sinker,95.8,2103.0,-1.15,1.06,-0.22,1.44,3.54,1.64,R,2,1,foul,,13.0,46,4,-13.8,12.72
2025-05-30,2025,777711,FILE,SI,Sinker,96.8,2299.0,-0.97,1.13,0.13,3.37,3.54,1.64,R,2,2,foul,,2.0,46,5,-11.64,13.56
2025-05-30,2025,777711,FILE,SL,Slider,87.7,2497.0,0.24,0.01,1.11,1.69,3.61,1.7,R,2,2,ball,,14.0,46,6,2.88,0.12
2025-05-30,2025,777711,FILE,SL,Slider,87.3,2435.0,0.25,-0.26,0.27,2.67,3.54,1.64,R,3,2,foul,,5.0,46,7,3.0,-3.12
2025-05-30,2025,777711,FILE,SI,Sinker,96.0,2251.0,-1.16,1.08,-0.22,1.65,3.54,1.64,R,3,2,hit_into_play,single,8.0,46,8,-13.92,12.96
2025-05-30,2025,777711,FILE,FF,4-Seam Fastball,96.5,2346.0,-0.65,1.59,0.16,3.12,3.14,1.46,L,0,0,swinging_strike,,2.0,47,1,-7.8,19.08
2025-05-30,2025,777711,FILE,FF,4-Seam Fastball,96.9,2359.0,-0.66,1.66,-1.44,3.33,3.24,1.47,L,0,1,ball,,11.0,47,2,-7.92,19.92
2025-05-30,2025,777711,FILE,FF,4-Seam Fastball,96.1,2367.0,-0.64,1.65,-0.82,4.1,3.2,1.39,L,1,1,ball,,11.0,47,3,-7.68,19.8
2025-05-30,2025,777711,FILE,CH,Changeup,88.8,1548.0,-1.03,0.44,-0.74,1.85,3.14,1.46,L,2,1,hit_into_play,field_out,7.0,47,4,-12.36,5.28
2025-05-30,2025,777711,FILE,CU,Curveball,80.0,2437.0,0.82,-0.71,1.09,1.21,3.42,1.45,L,0,0,ball,,14.0,52,1,9.84,-8.52
2025-05-30,2025,777711,FILE,CH,Changeup,86.6,1544.0,-0.9,-0.01,0.05,1.47,3.39,1.53,L,1,0,swinging_strike,,8.0,52,2,-10.8,-0.12
2025-05-30,2025,777711,FILE,FF,4-Seam Fastball,95.1,2360.0,-0.84,1.46,-0.28,2.87,3.39,1.53,L,1,1,foul,,1.0,52,3,-10.08,17.52
2025-05-30,2025,777711,FILE,CU,Curveball,81.0,2553.0,1.29,-0.94,-0.35,1.95,3.5,1.49,L,1,2,called_strike,strikeout,7.0,52,4,15.48,-11.28
2025-05-30,2025,777711,FILE,CU,Curveball,79.5,2406.0,1.15,-0.69,0.86,2.33,3.44,1.51,R,0,0,ball,,14.0,53,1,13.8,-8.28
2025-05-30,2025,777711,FILE,SL,Slider,86.1,3019.0,0.36,-0.13,0.34,1.77,3.45,1.53,R,1,0,hit_into_play,single,9.0,53,2,4.32,-1.56
2025-05-30,2025,777711,FILE,SI,Sinker,96.0,2308.0,-1.27,0.97,-0.53,2.04,3.13,1.43,R,0,0,called_strike,,4.0,54,1,-15.24,11.64
2025-05-30,2025,777711,FILE,SI,Sinker,96.9,2256.0,-1.25,1.0,-0.92,2.61,3.15,1.46,R,0,1,hit_into_play,field_out,11.0,54,2,-15.0,12.0
2025-05-30,2025,777711,FILE,CU,Curveball,81.2,2403.0,1.18,-0.6,0.79,1.44,3.37,1.59,L,0,0,swinging_strike,,14.0,55,1,14.16,-7.2
2025-05-30,2025,777711,FILE,FF,4-Seam Fastball,96.2,2441.0,-0.62,1.41,0.42,3.82,3.37,1.59,L,0,1,swinging_strike,,12.0,55,2,-7.44,16.92
2025-05-30,2025,777711,FILE,FF,4-Seam Fastball,97.4,2470.0,-0.55,1.36,0.34,4.07,3.37,1.59,L,0,2,swinging_strike,strikeout,12.0,55,3,-6.6,16.32
2025-06-01,2025,777677,FILE,SL,Slider,84.0,2477.0,0.51,-0.35,0.69,1.79,3.54,1.65,R,0,0,swinging_strike,,9.0,64,1,6.12,-4.2
2025-06-01,2025,777677,FILE,SL,Slider,84.9,2528.0,0.5,-0.31,1.2,0.94,3.53,1.64,R,0,1,ball,,14.0,64,2,6.0,-3.72
2025-06-01,2025,777677,FILE,SI,Sinker,95.4,2280.0,-1.03,1.05,-1.3,3.9,3.54,1.72,R,1,1,ball,,11.0,64,3,-12.36,12.6
2025-06-01,2025,777677,FILE,SL,Slider,85.5,2486.0,0.29,-0.2,0.39,1.94,3.54,1.65,R,2,1,foul,,9.0,64,4,3.48,-2.4
2025-06-01,2025,777677,FILE,FF,4-Seam Fastball,96.9,2460.0,-0.32,1.42,-0.33,4.98,3.54,1.72,R,2,2,ball,,11.0,64,5,-3.84,17.04
2025-06-01,2025,777677,FILE,SL,Slider,85.3,2553.0,0.3,-0.29,0.62,1.05,3.54,1.72,R,3,2,ball,walk,14.0,64,6,3.6,-3.48
2025-06-01,2025,777677,FILE,SL,Slider,85.3,2512.0,0.38,-0.19,-1.11,2.62,3.33,1.56,L,0,0,ball,,11.0,65,1,4.56,-2.28
2025-06-01,2025,777677,FILE,CH,Changeup,88.4,1585.0,-0.84,0.39,-1.24,3.24,3.33,1.6,L,1,0,ball,,11.0,65,2,-10.08,4.68
2025-06-01,2025,777677,FILE,CH,Changeup,88.5,1453.0,-0.67,0.3,-0.52,2.05,3.33,1.55,L,2,0,hit_into_play,single,7.0,65,3,-8.04,3.6
2025-06-01,2025,777677,FILE,FF,4-Seam Fastball,96.0,2525.0,-0.37,1.54,0.4,3.29,3.49,1.74,R,0,0,ball,,3.0,66,1,-4.44,18.48
2025-06-01,2025,777677,FILE,FF,4-Seam Fastball,95.6,2508.0,-0.45,1.5,0.41,4.94,3.5,1.67,R,1,0,ball,,12.0,66,2,-5.4,18.0
2025-06-01,2025,777677,FILE,FF,4-Seam Fastball,95.6,2499.0,-0.27,1.5,1.13,2.61,3.5,1.64,R,2,0,swinging_strike,,12.0,66,3,-3.24,18.0
2025-06-01,2025,777677,FILE,FF,4-Seam Fastball,96.4,2383.0,-0.5,1.5,0.86,2.53,3.5,1.59,R,2,1,called_strike,,14.0,66,4,-6.0,18.0
2025-06-01,2025,777677,FILE,SL,Slider,86.7,2594.0,0.48,-0.34,1.19,2.24,3.5,1.64,R,2,2,swinging_strike,strikeout,14.0,66,5,5.76,-4.08
2025-06-05,2025,777642,FILE,CU,Curveball,79.9,2510.0,0.9,-0.68,-0.22,2.92,3.09,1.41,L,0,0,foul,,2.0,73,1,10.8,-8.16
2025-06-05,2025,777642,FILE,FF,4-Seam Fastball,96.2,2292.0,-0.89,1.46,-0.81,4.78,3.09,1.53,L,0,1,ball,,11.0,73,2,-10.68,17.52
2025-06-05,2025,777642,FILE,CH,Changeup,88.6,1543.0,-0.94,0.55,-0.63,1.39,3.09,1.41,L,1,1,hit_into_play,field_out,7.0,73,3,-11.28,6.6
2025-06-05,2025,777642,FILE,SL,Slider,85.8,2458.0,0.32,-0.1,-0.29,3.14,3.49,1.7,R,0,0,called_strike,,1.0,74,1,3.84,-1.2
2025-06-05,2025,777642,FILE,FF,4-Seam Fastball,95.8,2332.0,-0.72,1.55,0.63,1.96,3.5,1.68,R,0,1,called_strike,,9.0,74,2,-8.64,18.6
2025-06-05,2025,777642,FILE,FF,4-Seam Fastball,95.6,2340.0,-0.77,1.4,0.87,3.23,3.62,1.67,R,0,2,ball,,12.0,74,3,-9.24,16.8
2025-06-05,2025,777642,FILE,FF,4-Seam Fastball,96.9,2387.0,-0.75,1.51,1.67,2.4,3.56,1.7,R,1,2,ball,,14.0,74,4,-9.0,18.12
2025-06-05,2025,777642,FILE,SL,Slider,85.9,2488.0,0.36,-0.11,0.85,1.84,3.42,1.6,R,2,2,hit_into_play,field_out,14.0,74,5,4.32,-1.32
2025-06-05,2025,777642,FILE,SL,Slider,86.7,2466.0,0.4,-0.29,1.06,2.2,3.28,1.43,R,0,0,ball,,14.0,75,1,4.8,-3.48
2025-06-05,2025,777642,FILE,SL,Slider,86.1,2448.0,0.35,-0.35,1.23,1.05,3.16,1.38,R,1,0,swinging_strike,,14.0,75,2,4.2,-4.2
2025-06-05,2025,777642,FILE,SL,Slider,86.5,2465.0,0.24,-0.13,1.83,0.31,3.16,1.39,R,1,1,ball,,14.0,75,3,2.88,-1.56
2025-06-05,2025,777642,FILE,FF,4-Seam Fastball,97.4,2425.0,-0.73,1.56,0.87,3.49,3.16,1.38,R,2,1,swinging_strike,,12.0,75,4,-8.76,18.72
2025-06-05,2025,777642,FILE,FF,4-Seam Fastball,97.5,2373.0,-0.82,1.62,0.84,2.18,3.16,1.38,R,2,2,foul,,14.0,75,5,-9.84,19.44
2025-06-05,2025,777642,FILE,SL,Slider,86.2,2288.0,0.18,-0.12,1.14,1.59,3.16,1.38,R,2,2,hit_into_play,field_out,14.0,75,6,2.16,-1.44
2025-06-06,2025,777618,FILE,SL,Slider,84.3,2478.0,0.28,-0.31,0.76,2.23,3.43,1.54,R,0,0,ball,,6.0,55,1,3.36,-3.72
2025-06-06,2025,777618,FILE,SL,Slider,83.4,2507.0,0.24,-0.43,0.23,1.45,3.49,1.57,R,1,0,swinging_strike,,8.0,55,2,2.88,-5.16
2025-06-06,2025,777618,FILE,FF,4-Seam Fastball,94.9,2349.0,-0.9,1.39,1.01,2.01,3.43,1.6,R,1,1,ball,,14.0,55,3,-10.8,16.68
2025-06-06,2025,777618,FILE,SL,Slider,84.2,2505.0,0.36,-0.25,-0.02,2.46,3.43,1.6,R,2,1,called_strike,,5.0,55,4,4.32,-3.0
2025-06-06,2025,777618,FILE,FF,4-Seam Fastball,95.1,2313.0,-0.93,1.35,0.15,3.37,3.49,1.57,R,2,2,hit_into_play,field_out,2.0,55,5,-11.16,16.2
2025-06-06,2025,777618,FILE,CU,Curveball,82.5,2544.0,1.05,-0.58,-0.04,2.07,3.49,1.62,L,0,0,called_strike,,8.0,56,1,12.6,-6.96
2025-06-06,2025,777618,FILE,CH,Changeup,87.8,1573.0,-1.02,0.52,-1.14,1.94,3.52,1.65,L,0,1,ball,,13.0,56,2,-12.24,6.24
2025-06-06,2025,777618,FILE,FF,4-Seam Fastball,95.3,2524.0,-0.9,1.6,0.26,4.09,3.52,1.65,L,1,1,ball,,12.0,56,3,-10.8,19.2
2025-06-06,2025,777618,FILE,CH,Changeup,88.4,1726.0,-0.81,0.55,-1.01,1.76,3.52,1.65,L,2,1,ball,,13.0,56,4,-9.72,6.6
2025-06-06,2025,777618,FILE,FF,4-Seam Fastball,95.0,2435.0,-0.81,1.62,0.34,4.03,3.55,1.62,L,3,1,swinging_strike,,12.0,56,5,-9.72,19.44
2025-06-06,2025,777618,FILE,CU,Curveball,82.9,2709.0,1.08,-0.84,0.47,0.03,3.44,1.65,L,3,2,blocked_ball,walk,14.0,56,6,12.96,-10.08
2025-06-06,2025,777618,FILE,SI,Sinker,96.9,2241.0,-1.31,1.0,-0.45,2.92,2.96,1.41,R,0,0,called_strike,,1.0,57,1,-15.72,12.0
2025-06-06,2025,777618,FILE,SL,Slider,85.7,2517.0,0.12,-0.29,0.91,1.89,2.99,1.44,R,0,1,ball,,14.0,57,2,1.44,-3.48
2025-06-06,2025,777618,FILE,SL,Slider,85.2,2573.0,0.37,0.21,0.67,2.19,3.08,1.41,R,1,1,swinging_strike,,6.0,57,3,4.44,2.52
2025-06-06,2025,777618,FILE,SI,Sinker,96.5,2295.0,-1.27,1.02,0.5,2.56,3.08,1.41,R,1,2,foul,,6.0,57,4,-15.24,12.24
2025-06-06,2025,777618,FILE,SL,Slider,86.9,2560.0,0.33,-0.07,1.26,2.21,3.08,1.41,R,1,2,swinging_strike,strikeout,14.0,57,5,3.96,-0.84
2025-06-06,2025,777618,FILE,FF,4-Seam Fastball,94.9,2403.0,-0.66,1.46,0.19,2.26,3.29,1.51,L,0,0,hit_into_play,double,5.0,63,1,-7.92,17.52
2025-06-06,2025,777618,FILE,SI,Sinker,96.1,2230.0,-1.2,0.98,-0.92,2.34,3.39,1.57,R,0,0,hit_into_play,field_out,13.0,64,1,-14.4,11.76
2025-06-06,2025,777618,FILE,SL,Slider,86.2,2541.0,0.24,-0.16,0.25,1.89,3.6,1.75,R,0,0,foul_tip,,8.0,65,1,2.88,-1.92
2025-06-06,2025,777618,FILE,SI,Sinker,97.4,2274.0,-1.31,1.11,-0.52,3.2,3.6,1.75,R,0,1,foul,,1.0,65,2,-15.72,13.32
2025-06-06,2025,777618,FILE,CU,Curveball,83.8,2704.0,1.17,-0.9,1.66,0.85,3.57,1.78,R,0,2,ball,,14.0,65,3,14.04,-10.8
2025-06-06,2025,777618,FILE,SL,Slider,86.7,2531.0,0.22,0.0,1.19,1.52,3.57,1.78,R,1,2,ball,,14.0,65,4,2.64,0.0
2025-06-06,2025,777618,FILE,SL,Slider,85.8,2637.0,0.22,-0.18,0.25,2.04,3.6,1.75,R,2,2,foul,,8.0,65,5,2.64,-2.16
2025-06-06,2025,777618,FILE,SI,Sinker,97.7,2419.0,-1.23,1.32,-0.31,2.99,3.6,1.75,R,2,2,foul,,4.0,65,6,-14.76,15.84
2025-06-06,2025,777618,FILE,SI,Sinker,98.4,2496.0,-1.16,1.01,0.34,2.3,3.6,1.75,R,2,2,foul,,9.0,65,7,-13.92,12.12
2025-06-06,2025,777618,FILE,SL,Slider,86.0,2604.0,0.23,-0.19,0.57,0.91,3.56,1.78,R,2,2,ball,,14.0,65,8,2.76,-2.28
2025-06-06,2025,777618,FILE,SL,Slider,86.8,2643.0,0.22,-0.34,0.92,1.5,3.51,1.78,R,3,2,ball,walk,14.0,65,9,2.64,-4.08
2025-06-06,2025,777618,FILE,SL,Slider,86.9,2624.0,0.27,-0.27,-1.04,2.12,3.37,1.53,L,0,0,ball,,13.0,66,1,3.24,-3.24
2025-06-06,2025,777618,FILE,CH,Changeup,89.5,1601.0,-1.21,0.43,-1.56,3.04,3.43,1.59,L,1,0,ball,,11.0,66,2,-14.52,5.16
2025-06-06,2025,777618,FILE,FF,4-Seam Fastball,95.9,2353.0,-0.51,1.43,0.02,4.17,3.49,1.62,L,2,0,ball,,12.0,66,3,-6.12,17.16
2025-06-06,2025,777618,FILE,FF,4-Seam Fastball,95.8,2331.0,-0.73,1.48,-1.08,3.95,3.43,1.59,L,3,0,ball,walk,11.0,66,4,-8.76,17.76
2025-06-06,2025,777618,FILE,SI,Sinker,97.8,2422.0,-1.37,1.12,-0.61,3.16,3.77,1.73,R,0,0,hit_into_play,single,1.0,67,1,-16.44,13.44
2025-06-06,2025,777618,FILE,CU,Curveball,82.9,2660.0,1.12,-0.44,0.96,2.26,3.55,1.65,L,0,0,hit_into_play,force_out,14.0,68,1,13.44,-5.28
2025-06-06,2025,777618,FILE,SL,Slider,85.6,2475.0,0.17,-0.36,0.0,3.22,3.4,1.57,R,0,0,called_strike,,2.0,69,1,2.04,-4.32
2025-06-06,2025,777618,FILE,SL,Slider,85.3,2382.0,0.19,-0.31,1.69,2.19,3.46,1.57,R,0,1,ball,,14.0,69,2,2.28,-3.72
2025-06-06,2025,777618,FILE,CU,Curveball,80.5,2601.0,1.05,-1.02,-0.58,0.96,3.43,1.6,R,1,1,ball,,13.0,69,3,12.6,-12.24
2025-06-06,2025,777618,FILE,FF,4-Seam Fastball,96.6,2418.0,-0.53,1.43,1.04,3.75,3.43,1.6,R,2,1,ball,,12.0,69,4,-6.36,17.16
2025-06-06,2025,777618,FILE,SI,Sinker,96.9,2376.0,-1.29,1.24,-0.86,1.58,3.43,1.57,R,3,1,ball,walk,13.0,69,5,-15.48,14.88
2025-06-11,2025,777551,FILE,FF,4-Seam Fastball,93.8,2288.0,-0.6,1.4,0.18,2.87,3.37,1.58,R,0,0,swinging_strike,,2.0,39,1,-7.2,16.8
2025-06-11,2025,777551,FILE,SL,Slider,83.9,2396.0,0.41,0.03,1.55,1.54,3.37,1.62,R,0,1,ball,,14.0,39,2,4.92,0.36
2025-06-11,2025,777551,FILE,FF,4-Seam Fastball,94.7,2252.0,-0.75,1.34,0.21,3.05,3.37,1.58,R,1,1,swinging_strike,,2.0,39,3,-9.0,16.08
2025-06-11,2025,777551,FILE,FF,4-Seam Fastball,94.4,2277.0,-0.4,1.46,1.03,3.02,3.37,1.58,R,1,2,hit_into_play,double,12.0,39,4,-4.8,17.52
2025-06-11,2025,777551,FILE,CU,Curveball,81.0,2368.0,1.17,-0.42,-0.36,2.03,3.69,1.75,L,0,0,called_strike,,7.0,40,1,14.04,-5.04
2025-06-11,2025,777551,FILE,FF,4-Seam Fastball,94.8,2352.0,-0.74,1.54,-1.48,4.8,3.62,1.8,L,0,1,ball,,11.0,40,2,-8.88,18.48
2025-06-11,2025,777551,FILE,CH,Changeup,87.4,1452.0,-0.76,0.65,-0.23,3.08,3.62,1.69,L,1,1,swinging_strike,,2.0,40,3,-9.12,7.8
2025-06-11,2025,777551,FILE,FF,4-Seam Fastball,95.6,2330.0,-0.86,1.49,-0.5,3.44,3.62,1.69,L,1,2,foul,,1.0,40,4,-10.32,17.88
2025-06-11,2025,777551,FILE,CU,Curveball,80.9,2400.0,1.09,-0.73,-0.37,1.92,3.62,1.69,L,1,2,foul,,7.0,40,5,13.08,-8.76
2025-06-11,2025,777551,FILE,CU,Curveball,81.4,2407.0,1.0,-0.49,0.75,-0.36,3.62,1.72,L,1,2,blocked_ball,,14.0,40,6,12.0,-5.88
2025-06-11,2025,777551,FILE,CH,Changeup,88.3,1476.0,-1.17,0.27,-1.13,2.96,3.62,1.69,L,2,2,foul,,11.0,40,7,-14.04,3.24
2025-06-11,2025,777551,FILE,SL,Slider,85.0,2469.0,0.34,-0.15,0.15,1.33,3.62,1.72,L,2,2,ball,,14.0,40,8,4.08,-1.8
2025-06-11,2025,777551,FILE,CU,Curveball,81.0,2316.0,1.07,-0.43,-0.64,3.78,3.62,1.74,L,3,2,ball,walk,11.0,40,9,12.84,-5.16
2025-06-11,2025,777551,FILE,SL,Slider,85.2,2447.0,0.45,-0.21,0.36,2.17,3.54,1.76,R,0,0,called_strike,,9.0,41,1,5.4,-2.52
2025-06-11,2025,777551,FILE,CU,Curveball,81.7,2356.0,1.14,-0.57,1.23,0.58,3.48,1.66,R,0,1,blocked_ball,,14.0,41,2,13.68,-6.84
2025-06-11,2025,777551,FILE,SI,Sinker,96.3,2268.0,-1.07,0.91,-0.96,2.55,3.48,1.62,R,1,1,foul,,11.0,41,3,-12.84,10.92
2025-06-11,2025,777551,FILE,SL,Slider,86.9,2480.0,0.2,0.24,1.46,0.86,3.64,1.72,R,1,2,blocked_ball,,14.0,41,4,2.4,2.88
2025-06-11,2025,777551,FILE,CU,Curveball,80.7,2583.0,1.03,-0.61,-0.93,2.51,3.48,1.62,R,2,2,hit_into_play,grounded_into_double_play,13.0,41,5,12.36,-7.32
2025-06-11,2025,777551,FILE,CU,Curveball,79.8,2299.0,1.18,-0.2,0.85,2.28,3.52,1.61,L,0,0,foul,,14.0,46,1,14.16,-2.4
2025-06-11,2025,777551,FILE,CU,Curveball,81.5,2494.0,1.04,-0.48,0.46,0.54,3.56,1.7,L,0,1,ball,,14.0,46,2,12.48,-5.76
2025-06-11,2025,777551,FILE,FF,4-Seam Fastball,94.7,2371.0,-0.72,1.43,-0.38,3.8,3.52,1.61,L,1,1,hit_into_play,field_out,11.0,46,3,-8.64,17.16
2025-06-11,2025,777551,FILE,SL,Slider,85.8,2408.0,0.46,-0.1,-0.22,2.48,3.44,1.54,R,0,0,called_strike,,5.0,47,1,5.52,-1.2
2025-06-11,2025,777551,FILE,CU,Curveball,81.2,2369.0,1.04,-0.25,0.97,2.82,3.52,1.56,R,0,1,ball,,12.0,47,2,12.48,-3.0
2025-06-11,2025,777551,FILE,SI,Sinker,95.9,2235.0,-1.01,1.12,-1.09,3.03,3.52,1.57,R,1,1,swinging_strike,,11.0,47,3,-12.12,13.44
2025-06-11,2025,777551,FILE,FF,4-Seam Fastball,95.3,2036.0,-0.93,1.05,-1.1,2.58,3.52,1.67,R,1,2,ball,,13.0,47,4,-11.16,12.6
2025-06-11,2025,777551,FILE,CU,Curveball,81.8,2435.0,0.7,-0.89,1.14,0.88,3.52,1.64,R,2,2,ball,,14.0,47,5,8.4,-10.68
2025-06-11,2025,777551,FILE,SI,Sinker,96.1,2171.0,-1.02,0.96,-0.62,2.26,3.52,1.57,R,3,2,hit_into_play,field_out,4.0,47,6,-12.24,11.52
2025-06-11,2025,777551,FILE,CU,Curveball,82.4,2321.0,1.24,-0.58,0.91,1.59,3.8,1.86,L,0,0,ball,,14.0,48,1,14.88,-6.96
2025-06-11,2025,777551,FILE,CH,Changeup,88.2,1616.0,-1.24,0.1,-0.71,2.71,3.8,1.76,L,1,0,hit_into_play,field_out,4.0,48,2,-14.88,1.2
2025-06-14,2025,777511,FILE,SI,Sinker,94.9,2181.0,-1.1,1.0,-0.51,2.97,3.58,1.71,R,0,0,hit_into_play,force_out,4.0,53,1,-13.2,12.0
2025-06-14,2025,777511,FILE,SI,Sinker,95.1,2262.0,-1.2,1.17,-1.0,2.74,3.41,1.64,L,0,0,called_strike,,11.0,57,1,-14.4,14.04
2025-06-14,2025,777511,FILE,CH,Changeup,88.4,1578.0,-1.16,0.27,0.67,0.83,3.49,1.59,L,0,1,ball,,14.0,57,2,-13.92,3.24
2025-06-14,2025,777511,FILE,SI,Sinker,95.6,2202.0,-1.19,0.9,-0.85,2.33,3.44,1.55,L,1,1,foul,,13.0,57,3,-14.28,10.8
2025-06-14,2025,777511,FILE,CU,Curveball,81.5,2451.0,1.23,-0.34,1.14,1.29,3.43,1.6,L,1,2,ball,,14.0,57,4,14.76,-4.08
2025-06-14,2025,777511,FILE,CU,Curveball,82.6,2436.0,1.03,-0.52,0.9,1.88,3.4,1.53,L,2,2,ball,,14.0,57,5,12.36,-6.24
2025-06-14,2025,777511,FILE,CH,Changeup,89.3,1599.0,-0.86,0.21,-0.6,2.45,3.44,1.55,L,3,2,hit_into_play,field_out,4.0,57,6,-10.32,2.52
2025-06-14,2025,777511,FILE,SI,Sinker,96.1,2346.0,-1.22,1.13,-0.38,2.94,3.42,1.49,R,0,0,foul_tip,,1.0,58,1,-14.64,13.56
2025-06-14,2025,777511,FILE,SI,Sinker,96.6,2310.0,-1.39,1.02,-0.67,2.47,3.42,1.49,R,0,1,hit_into_play,field_out,4.0,58,2,-16.68,12.24
2025-06-14,2025,777511,FILE,CU,Curveball,80.9,2431.0,1.23,-0.65,-0.84,3.76,3.65,1.68,L,0,0,ball,,11.0,59,1,14.76,-7.8
2025-06-14,2025,777511,FILE,CU,Curveball,81.2,2466.0,0.82,-0.79,0.21,1.65,3.63,1.66,L,1,0,called_strike,,8.0,59,2,9.84,-9.48
2025-06-14,2025,777511,FILE,FF,4-Seam Fastball,97.1,2330.0,-0.92,1.19,-1.59,2.14,3.73,1.65,L,1,1,swinging_strike,,13.0,59,3,-11.04,14.28
2025-06-14,2025,777511,FILE,CU,Curveball,83.2,2362.0,0.96,-0.6,1.28,0.6,3.75,1.68,L,1,2,ball,,14.0,59,4,11.52,-7.2
2025-06-14,2025,777511,FILE,CH,Changeup,88.7,1509.0,-0.97,0.26,-0.66,2.41,3.73,1.65,L,2,2,hit_into_play,field_out,4.0,59,5,-11.64,3.12
2025-06-17,2025,777468,FILE,SI,Sinker,94.9,2243.0,-1.19,1.06,0.15,2.74,3.29,1.48,R,0,0,called_strike,,2.0,56,1,-14.28,12.72
2025-06-17,2025,777468,FILE,SL,Slider,84.6,2448.0,0.35,-0.12,1.69,2.29,3.25,1.44,R,0,1,ball,,14.0,56,2,4.2,-1.44
2025-06-17,2025,777468,FILE,SI,Sinker,96.2,2285.0,-1.15,1.08,-0.57,2.63,3.36,1.62,R,1,1,foul,,4.0,56,3,-13.8,12.96
2025-06-17,2025,777468,FILE,SL,Slider,85.4,2243.0,0.07,-0.22,1.05,1.21,3.36,1.62,R,1,2,swinging_strike,strikeout,14.0,56,4,0.84,-2.64
2025-06-17,2025,777468,FILE,FF,4-Seam Fastball,95.4,2272.0,-0.58,1.24,-0.14,3.95,3.6,1.55,L,0,0,ball,,11.0,57,1,-6.96,14.88
2025-06-17,2025,777468,FILE,SL,Slider,86.4,2461.0,0.22,-0.04,0.73,0.87,3.6,1.47,L,1,0,ball,,14.0,57,2,2.64,-0.48
2025-06-17,2025,777468,FILE,FF,4-Seam Fastball,96.1,2424.0,-0.28,1.6,0.67,4.2,3.33,1.39,L,2,0,ball,,12.0,57,3,-3.36,19.2
2025-06-17,2025,777468,FILE,FF,4-Seam Fastball,95.4,2389.0,-0.68,1.33,0.93,2.11,3.3,1.51,L,3,0,called_strike,,14.0,57,4,-8.16,15.96
2025-06-17,2025,777468,FILE,FF,4-Seam Fastball,95.0,2295.0,-0.62,1.41,-0.3,2.81,3.64,1.7,L,3,1,foul,,4.0,57,5,-7.44,16.92
2025-06-17,2025,777468,FILE,FF,4-Seam Fastball,95.4,2327.0,-0.74,1.47,-0.32,2.71,3.64,1.7,L,3,2,foul,,4.0,57,6,-8.88,17.64
2025-06-17,2025,777468,FILE,FF,4-Seam Fastball,95.6,2274.0,-0.46,1.43,0.21,3.56,3.64,1.7,L,3,2,foul,,2.0,57,7,-5.52,17.16
2025-06-17,2025,777468,FILE,SI,Sinker,94.9,2133.0,-1.27,0.99,-0.75,1.76,3.64,1.7,L,3,2,hit_into_play,field_out,7.0,57,8,-15.24,11.88
2025-06-17,2025,777468,FILE,SL,Slider,85.7,2475.0,0.41,-0.04,-0.1,1.55,3.39,1.61,R,0,0,foul,,8.0,58,1,4.92,-0.48
2025-06-17,2025,777468,FILE,SL,Slider,86.3,2362.0,0.05,-0.25,1.47,1.26,3.39,1.61,R,0,1,swinging_strike,,14.0,58,2,0.6,-3.0
2025-06-17,2025,777468,FILE,CH,Changeup,88.9,1580.0,-1.4,0.42,0.57,1.6,3.39,1.61,R,0,2,foul,,9.0,58,3,-16.8,5.04
2025-06-17,2025,777468,FILE,FF,4-Seam Fastball,95.9,2273.0,-0.65,1.37,0.22,4.25,3.31,1.32,R,0,2,ball,,12.0,58,4,-7.8,16.44
2025-06-17,2025,777468,FILE,SL,Slider,84.9,2410.0,0.39,-0.3,1.64,1.55,3.39,1.61,R,1,2,swinging_strike,strikeout,14.0,58,5,4.68,-3.6
2025-07-07,2025,777204,FILE,FF,4-Seam Fastball,95.3,2271.0,-0.67,1.41,-1.0,3.72,3.38,1.62,L,0,0,ball,,11.0,67,1,-8.04,16.92
2025-07-07,2025,777204,FILE,CH,Changeup,87.5,1447.0,-0.9,0.42,-0.29,2.77,3.18,1.52,L,1,0,foul,,1.0,67,2,-10.8,5.04
2025-07-07,2025,777204,FILE,SL,Slider,85.9,2325.0,0.4,0.09,1.04,1.83,3.39,1.57,L,1,1,ball,,14.0,67,3,4.8,1.08
2025-07-07,2025,777204,FILE,CH,Changeup,87.9,1637.0,-1.1,0.17,-0.45,2.19,3.18,1.52,L,2,1,hit_into_play,field_out,4.0,67,4,-13.2,2.04
2025-07-07,2025,777204,FILE,SL,Slider,85.7,2248.0,0.08,-0.09,0.6,1.3,3.47,1.58,R,0,0,foul,,14.0,68,1,0.96,-1.08
2025-07-07,2025,777204,FILE,SI,Sinker,95.6,2015.0,-1.26,0.95,-1.11,1.65,3.58,1.7,R,0,1,ball,,13.0,68,2,-15.12,11.4
2025-07-07,2025,777204,FILE,SL,Slider,87.1,2493.0,0.29,0.22,1.09,1.38,3.54,1.6,R,1,1,ball,,14.0,68,3,3.48,2.64
2025-07-07,2025,777204,FILE,CU,Curveball,80.9,2232.0,0.72,-0.07,-0.68,7.33,3.41,1.58,R,2,1,ball,,11.0,68,4,8.64,-0.84
2025-07-07,2025,777204,FILE,FF,4-Seam Fastball,95.6,2295.0,-0.57,1.51,-0.55,3.01,3.47,1.58,R,3,1,swinging_strike,,1.0,68,5,-6.84,18.12
2025-07-07,2025,777204,FILE,SI,Sinker,96.4,2181.0,-1.14,1.01,0.09,0.85,3.62,1.62,R,3,2,ball,walk,14.0,68,6,-13.68,12.12
2025-07-07,2025,777204,FILE,FF,4-Seam Fastball,95.4,2369.0,-0.71,1.4,-0.05,2.08,3.24,1.51,R,0,0,foul,,5.0,69,1,-8.52,16.8
2025-07-07,2025,777204,FILE,FF,4-Seam Fastball,95.9,2212.0,-0.52,1.38,0.38,4.05,3.34,1.48,R,0,1,ball,,12.0,69,2,-6.24,16.56
2025-07-07,2025,777204,FILE,FF,4-Seam Fastball,95.7,2369.0,-0.67,1.47,0.08,2.24,3.27,1.45,R,1,1,called_strike,,5.0,69,3,-8.04,17.64
2025-07-07,2025,777204,FILE,FF,4-Seam Fastball,95.8,2186.0,-0.7,1.44,-0.57,3.8,3.29,1.46,R,1,2,ball,,11.0,69,4,-8.4,17.28
2025-07-07,2025,777204,FILE,SL,Slider,86.5,2175.0,0.12,-0.06,-0.21,2.62,3.24,1.51,R,2,2,hit_into_play,field_out,5.0,69,5,1.44,-0.72
2025-07-07,2025,777204,FILE,SI,Sinker,95.8,2135.0,-1.22,0.89,0.36,1.93,3.63,1.72,R,0,0,called_strike,,9.0,70,1,-14.64,10.68
2025-07-07,2025,777204,FILE,SL,Slider,85.9,2246.0,0.1,0.08,1.01,2.09,3.54,1.66,R,0,1,hit_into_play,single,14.0,70,2,1.2,0.96
2025-07-07,2025,777204,FILE,SI,Sinker,95.4,2057.0,-1.22,0.86,-0.83,1.55,3.42,1.65,R,0,0,foul_tip,,7.0,71,1,-14.64,10.32
2025-07-07,2025,777204,FILE,FF,4-Seam Fastball,95.4,2076.0,-0.51,1.4,-0.33,4.73,3.55,1.71,R,0,1,ball,,11.0,71,2,-6.12,16.8
2025-07-07,2025,777204,FILE,CH,Changeup,88.6,1503.0,-1.12,0.41,-0.2,3.1,3.42,1.65,R,1,1,swinging_strike,,2.0,71,3,-13.44,4.92
2025-07-07,2025,777204,FILE,SL,Slider,87.2,2312.0,0.25,0.08,1.53,1.29,3.42,1.65,R,1,2,swinging_strike,strikeout,14.0,71,4,3.0,0.96
2025-07-12,2025,777136,FILE,SI,Sinker,96.2,2092.0,-1.13,0.89,-1.78,2.24,3.66,1.67,R,0,0,ball,,13.0,8,1,-13.56,10.68
2025-07-12,2025,777136,FILE,SI,Sinker,95.4,2057.0,-1.13,0.86,-0.41,2.42,3.58,1.7,R,1,0,hit_into_play,field_out,4.0,8,2,-13.56,10.32
2025-07-12,2025,777136,FILE,FF,4-Seam Fastball,95.1,2272.0,-0.64,1.44,0.65,3.71,3.58,1.66,R,0,0,ball,,12.0,9,1,-7.68,17.28
2025-07-12,2025,777136,FILE,SI,Sinker,95.7,2284.0,-1.04,1.35,-0.35,2.15,3.52,1.63,R,1,0,called_strike,,7.0,9,2,-12.48,16.2
2025-07-12,2025,777136,FILE,CU,Curveball,82.9,2322.0,0.81,-0.55,-0.68,3.37,3.61,1.66,R,1,1,hit_into_play,field_out,1.0,9,3,9.72,-6.6
2025-07-12,2025,777136,FILE,SI,Sinker,97.1,2164.0,-1.04,1.32,-1.18,2.72,3.48,1.65,L,0,0,ball,,11.0,10,1,-12.48,15.84
2025-07-12,2025,777136,FILE,SI,Sinker,96.1,2038.0,-0.94,1.24,-0.58,3.44,3.46,1.67,L,1,0,ball,,1.0,10,2,-11.28,14.88
2025-07-12,2025,777136,FILE,SI,Sinker,95.6,2044.0,-1.23,0.94,-0.87,2.3,3.46,1.67,L,2,0,called_strike,,13.0,10,3,-14.76,11.28
2025-07-12,2025,777136,FILE,SI,Sinker,96.3,2088.0,-0.84,1.22,-0.04,3.03,3.58,1.7,L,2,1,foul,,2.0,10,4,-10.08,14.64
2025-07-12,2025,777136,FILE,SL,Slider,87.9,2431.0,0.16,0.32,0.86,1.9,3.58,1.7,L,2,2,swinging_strike,strikeout,14.0,10,5,1.92,3.84
2025-07-12,2025,777136,FILE,FF,4-Seam Fastball,94.9,2214.0,-0.85,1.28,0.12,2.06,3.72,1.57,R,0,0,called_strike,,8.0,14,1,-10.2,15.36
2025-07-12,2025,777136,FILE,SL,Slider,86.7,2569.0,0.33,0.1,0.9,2.32,3.61,1.72,R,0,1,swinging_strike,,14.0,14,2,3.96,1.2
2025-07-12,2025,777136,FILE,SL,Slider,87.9,2411.0,0.39,0.18,1.72,2.09,3.81,1.74,R,0,2,ball,,14.0,14,3,4.68,2.16
2025-07-12,2025,777136,FILE,SL,Slider,87.2,2492.0,0.21,-0.01,1.64,1.4,3.61,1.72,R,1,2,swinging_strike,strikeout,14.0,14,4,2.52,-0.12
2025-07-12,2025,777136,FILE,FF,4-Seam Fastball,95.9,2373.0,-0.75,1.38,0.03,2.18,3.78,1.74,L,0,0,hit_into_play,field_out,8.0,15,1,-9.0,16.56
2025-07-12,2025,777136,FILE,FF,4-Seam Fastball,97.0,2255.0,-0.55,1.27,0.62,2.86,3.41,1.43,R,0,0,called_strike,,3.0,16,1,-6.6,15.24
2025-07-12,2025,777136,FILE,FF,4-Seam Fastball,96.8,2197.0,-0.55,1.47,0.37,2.49,3.46,1.55,R,0,1,swinging_strike,,6.0,16,2,-6.6,17.64
2025-07-12,2025,777136,FILE,FF,4-Seam Fastball,96.8,2097.0,-0.59,1.33,-0.34,3.84,3.46,1.55,R,0,2,foul,,11.0,16,3,-7.08,15.96
2025-07-12,2025,777136,FILE,SL,Slider,87.8,2530.0,0.17,0.12,1.9,1.86,3.49,1.47,R,0,2,ball,,14.0,16,4,2.04,1.44
2025-07-12,2025,777136,FILE,FF,4-Seam Fastball,97.1,2380.0,-0.79,1.25,0.49,3.5,3.46,1.55,R,1,2,hit_into_play,double,3.0,16,5,-9.48,15.0
2025-07-12,2025,777136,FILE,FF,4-Seam Fastball,95.5,2249.0,-0.68,1.33,-0.19,4.41,3.7,1.62,L,0,0,ball,,11.0,17,1,-8.16,15.96
2025-07-12,2025,777136,FILE,SI,Sinker,94.8,1910.0,-1.06,1.04,-1.02,3.21,3.73,1.63,L,1,0,ball,,11.0,17,2,-12.72,12.48
2025-07-12,2025,777136,FILE,CH,Changeup,89.3,1663.0,-1.32,0.35,-0.63,3.08,3.69,1.65,L,2,0,called_strike,,1.0,17,3,-15.84,4.2
2025-07-12,2025,777136,FILE,SL,Slider,86.2,2459.0,0.2,0.26,0.42,3.47,3.6,1.69,L,2,1,foul,,3.0,17,4,2.4,3.12
2025-07-12,2025,777136,FILE,SL,Slider,87.7,2234.0,0.2,-0.03,0.78,1.0,3.6,1.69,L,2,2,swinging_strike,strikeout,14.0,17,5,2.4,-0.36
2025-07-12,2025,777136,FILE,CU,Curveball,80.8,2496.0,1.11,-0.66,0.62,1.6,3.46,1.42,L,0,0,called_strike,,9.0,21,1,13.32,-7.92
2025-07-12,2025,777136,FILE,CH,Changeup,89.1,1724.0,-1.0,0.54,0.11,2.67,3.45,1.56,L,0,1,hit_into_play,single,5.0,21,2,-12.0,6.48
2025-07-12,2025,777136,FILE,FF,4-Seam Fastball,94.9,2427.0,-0.78,1.47,0.13,1.78,3.35,1.52,L,0,0,called_strike,,8.0,22,1,-9.36,17.64
2025-07-12,2025,777136,FILE,CU,Curveball,83.4,2458.0,1.0,-0.36,0.62,1.06,3.94,1.65,L,0,1,ball,,14.0,22,2,12.0,-4.32
2025-07-12,2025,777136,FILE,FF,4-Seam Fastball,96.4,2429.0,-0.8,1.33,-0.22,3.2,3.27,1.53,L,1,1,foul,,2.0,22,3,-9.6,15.96
2025-07-12,2025,777136,FILE,SL,Slider,87.4,2465.0,0.19,0.19,0.03,1.13,3.17,1.38,L,1,2,ball,,14.0,22,4,2.28,2.28
2025-07-12,2025,777136,FILE,CH,Changeup,89.3,1755.0,-1.22,0.41,-1.5,2.77,3.08,1.39,L,2,2,ball,,11.0,22,5,-14.64,4.92
2025-07-12,2025,777136,FILE,SL,Slider,88.3,2425.0,0.32,0.08,0.05,2.03,3.27,1.53,L,3,2,hit_into_play,home_run,8.0,22,6,3.84,0.96
2025-07-12,2025,777136,FILE,SL,Slider,86.3,2512.0,0.2,0.06,-1.05,3.7,3.61,1.76,R,0,0,ball,,11.0,23,1,2.4,0.72
2025-07-12,2025,777136,FILE,SI,Sinker,96.3,2318.0,-1.01,1.07,-0.77,2.12,3.58,1.7,R,1,0,hit_into_play,field_out,7.0,23,2,-12.12,12.84
2025-07-12,2025,777136,FILE,SI,Sinker,96.0,2348.0,-1.19,0.84,-1.11,3.04,3.61,1.66,R,0,0,foul,,11.0,24,1,-14.28,10.08
2025-07-12,2025,777136,FILE,SL,Slider,87.4,2529.0,0.22,-0.12,1.21,1.75,3.65,1.61,R,0,1,ball,,14.0,24,2,2.64,-1.44
2025-07-12,2025,777136,FILE,SI,Sinker,98.0,2264.0,-1.2,0.89,-1.41,4.27,3.62,1.61,R,1,1,ball,,11.0,24,3,-14.4,10.68
2025-07-12,2025,777136,FILE,SL,Slider,87.6,2437.0,0.32,0.06,0.21,2.8,3.61,1.66,R,2,1,hit_into_play,single,5.0,24,4,3.84,0.72
2025-07-12,2025,777136,FILE,CU,Curveball,80.2,2299.0,1.17,-0.63,-1.41,5.68,3.62,1.66,L,0,0,ball,,11.0,25,1,14.04,-7.56
2025-07-12,2025,777136,FILE,CH,Changeup,87.9,1589.0,-1.12,0.43,-1.16,3.06,3.62,1.62,L,1,0,ball,,11.0,25,2,-13.44,5.16
2025-07-12,2025,777136,FILE,SI,Sinker,95.5,2152.0,-1.09,0.84,-0.52,2.32,3.58,1.7,L,2,0,hit_into_play,field_out,4.0,25,3,-13.08,10.08
2025-07-12,2025,777136,FILE,SL,Slider,85.9,2497.0,0.28,0.1,0.88,1.78,3.64,1.64,R,0,0,called_strike,,14.0,26,1,3.36,1.2
2025-07-12,2025,777136,FILE,SL,Slider,86.4,2408.0,0.3,0.2,0.25,1.16,3.61,1.72,R,0,1,swinging_strike,,14.0,26,2,3.6,2.4
2025-07-12,2025,777136,FILE,SL,Slider,85.1,2479.0,0.41,-0.12,0.66,2.24,3.61,1.72,R,0,2,swinging_strike,strikeout,9.0,26,3,4.92,-1.44
2025-07-18,2025,777109,FILE,SI,Sinker,94.5,2235.0,-1.32,1.24,0.96,1.11,3.06,1.44,R,0,0,ball,,14.0,64,1,-15.84,14.88
2025-07-18,2025,777109,FILE,SL,Slider,84.2,2498.0,0.25,-0.11,0.04,3.35,3.11,1.46,R,1,0,ball,,12.0,64,2,3.0,-1.32
2025-07-18,2025,777109,FILE,SI,Sinker,97.0,2195.0,-1.24,1.19,-0.76,2.22,3.2,1.49,R,2,0,hit_into_play,field_out,4.0,64,3,-14.88,14.28
2025-07-18,2025,777109,FILE,FF,4-Seam Fastball,95.9,2323.0,-0.77,1.65,0.81,2.87,3.53,1.7,L,0,0,foul_tip,,6.0,65,1,-9.24,19.8
2025-07-18,2025,777109,FILE,FF,4-Seam Fastball,95.6,2383.0,-0.78,1.63,0.91,3.07,3.53,1.7,L,0,1,swinging_strike,,12.0,65,2,-9.36,19.56
2025-07-18,2025,777109,FILE,SL,Slider,86.9,2543.0,0.17,0.1,1.28,0.75,3.39,1.63,L,0,2,ball,,14.0,65,3,2.04,1.2
2025-07-18,2025,777109,FILE,FF,4-Seam Fastball,96.3,2368.0,-0.68,1.61,0.34,3.82,3.53,1.7,L,1,2,swinging_strike,strikeout,12.0,65,4,-8.16,19.32
2025-07-18,2025,777109,FILE,CH,Changeup,88.8,1576.0,-1.25,0.44,-0.19,2.7,3.28,1.55,L,0,0,called_strike,,5.0,66,1,-15.0,5.28
2025-07-18,2025,777109,FILE,CH,Changeup,89.6,1501.0,-1.27,0.33,-0.74,1.43,3.29,1.46,L,0,1,ball,,7.0,66,2,-15.24,3.96
2025-07-18,2025,777109,FILE,SL,Slider,85.4,2493.0,0.21,-0.03,0.1,3.14,3.38,1.57,L,1,1,hit_into_play,field_out,2.0,66,3,2.52,-0.36
2025-07-22,2025,777047,FILE,SL,Slider,85.0,2497.0,0.27,0.05,0.0,3.31,3.64,1.66,R,0,0,called_strike,,2.0,45,1,3.24,0.6
2025-07-22,2025,777047,FILE,SL,Slider,84.6,2439.0,0.39,-0.14,0.14,2.48,3.56,1.67,R,0,1,foul,,5.0,45,2,4.68,-1.68
2025-07-22,2025,777047,FILE,SL,Slider,85.7,2540.0,0.21,-0.02,1.47,2.29,3.73,1.69,R,0,2,ball,,14.0,45,3,2.52,-0.24
2025-07-22,2025,777047,FILE,SI,Sinker,96.2,2346.0,-1.25,0.95,1.23,1.43,3.68,1.64,R,1,2,ball,,14.0,45,4,-15.0,11.4
2025-07-22,2025,777047,FILE,CH,Changeup,89.1,1603.0,-0.89,0.34,-0.51,2.29,3.56,1.67,R,2,2,foul,,4.0,45,5,-10.68,4.08
2025-07-22,2025,777047,FILE,SL,Slider,84.8,2523.0,0.48,-0.3,0.91,2.49,3.56,1.67,R,2,2,hit_into_play,field_out,14.0,45,6,5.76,-3.6
2025-07-22,2025,777047,FILE,CU,Curveball,79.1,2367.0,1.16,-0.6,0.11,1.98,3.57,1.65,L,0,0,hit_into_play,field_out,8.0,46,1,13.92,-7.2
2025-07-22,2025,777047,FILE,CU,Curveball,78.0,2378.0,1.22,-0.74,-0.66,2.63,3.39,1.55,L,0,0,called_strike,,4.0,47,1,14.64,-8.88
2025-07-22,2025,777047,FILE,SL,Slider,85.3,2521.0,0.22,-0.12,-0.24,2.45,3.27,1.55,L,0,1,foul_tip,,5.0,47,2,2.64,-1.44
2025-07-22,2025,777047,FILE,SL,Slider,84.5,2624.0,0.45,-0.22,1.07,0.82,3.39,1.55,L,0,2,ball,,14.0,47,3,5.4,-2.64
2025-07-22,2025,777047,FILE,FF,4-Seam Fastball,96.3,2498.0,-0.48,1.36,0.72,2.71,3.27,1.55,L,1,2,swinging_strike,strikeout,6.0,47,4,-5.76,16.32
2025-07-22,2025,777047,FILE,SL,Slider,85.0,2300.0,0.03,0.07,-0.18,2.93,3.4,1.57,R,0,0,hit_into_play,single,2.0,52,1,0.36,0.84
2025-07-22,2025,777047,FILE,SI,Sinker,93.7,2175.0,-1.03,0.89,-0.35,1.62,3.42,1.57,R,0,0,called_strike,,7.0,53,1,-12.36,10.68
2025-07-22,2025,777047,FILE,SI,Sinker,95.5,2117.0,-1.12,0.95,-0.71,2.23,3.35,1.59,R,0,1,foul,,4.0,53,2,-13.44,11.4
2025-07-22,2025,777047,FILE,FF,4-Seam Fastball,95.6,2463.0,-0.5,1.35,0.86,4.15,3.36,1.59,R,0,2,ball,,12.0,53,3,-6.0,16.2
2025-07-22,2025,777047,FILE,SL,Slider,87.6,2545.0,0.23,-0.18,1.01,0.92,3.35,1.59,R,1,2,hit_into_play,single,14.0,53,4,2.76,-2.16
2025-07-22,2025,777047,FILE,SL,Slider,86.2,2468.0,0.35,0.04,-0.92,2.55,3.42,1.62,L,0,0,swinging_strike,,11.0,54,1,4.2,0.48
2025-07-22,2025,777047,FILE,CH,Changeup,89.3,1574.0,-1.14,0.26,-1.55,2.29,3.44,1.48,L,0,1,ball,,13.0,54,2,-13.68,3.12
2025-07-22,2025,777047,FILE,SL,Slider,84.3,2484.0,0.29,-0.29,-1.25,2.1,3.51,1.62,L,1,1,ball,,13.0,54,3,3.48,-3.48
2025-07-22,2025,777047,FILE,FF,4-Seam Fastball,96.0,2382.0,-0.48,1.43,-0.49,3.64,3.42,1.62,L,2,1,foul,,11.0,54,4,-5.76,17.16
2025-07-22,2025,777047,FILE,FF,4-Seam Fastball,96.2,2344.0,-0.61,1.19,-0.77,3.04,3.42,1.62,L,2,2,foul,,1.0,54,5,-7.32,14.28
2025-07-22,2025,777047,FILE,SL,Slider,86.0,2356.0,0.36,-0.17,0.34,1.31,3.53,1.61,L,2,2,ball,,14.0,54,6,4.32,-2.04
2025-07-22,2025,777047,FILE,CH,Changeup,89.2,1594.0,-0.98,0.22,-1.86,2.9,3.47,1.52,L,3,2,ball,walk,11.0,54,7,-11.76,2.64
2025-07-22,2025,777047,FILE,SL,Slider,85.7,2375.0,0.27,-0.26,0.55,2.05,3.12,1.32,R,0,0,called_strike,,6.0,55,1,3.24,-3.12
2025-07-22,2025,777047,FILE,SL,Slider,87.0,2396.0,0.36,-0.22,-0.26,2.23,3.15,1.41,R,0,1,hit_into_play,single,5.0,55,2,4.32,-2.64
2025-07-22,2025,777047,FILE,SI,Sinker,98.4,2261.0,-1.17,1.03,-1.52,2.57,3.49,1.67,R,0,0,ball,,13.0,56,1,-14.04,12.36
2025-07-22,2025,777047,FILE,SL,Slider,85.7,2440.0,0.16,-0.3,-0.58,1.9,3.41,1.65,R,1,0,hit_into_play,sac_fly,7.0,56,2,1.92,-3.6
2025-07-26,2025,776990,FILE,SL,Slider,83.8,2394.0,0.39,-0.12,0.25,2.08,3.37,1.58,R,0,0,called_strike,,8.0,24,1,4.68,-1.44
2025-07-26,2025,776990,FILE,SL,Slider,84.9,2505.0,0.37,-0.14,1.72,0.35,3.32,1.58,R,0,1,blocked_ball,,14.0,24,2,4.44,-1.68
2025-07-26,2025,776990,FILE,FF,4-Seam Fastball,93.8,2341.0,-0.81,1.35,0.34,3.01,3.34,1.58,R,1,1,called_strike,,3.0,24,3,-9.72,16.2
2025-07-26,2025,776990,FILE,FF,4-Seam Fastball,94.7,2358.0,-0.57,1.39,0.29,4.93,3.37,1.58,R,1,2,ball,,12.0,24,4,-6.84,16.68
2025-07-26,2025,776990,FILE,FF,4-Seam Fastball,95.5,2295.0,-0.48,1.5,1.11,2.53,3.33,1.58,R,2,2,ball,,12.0,24,5,-5.76,18.0
2025-07-26,2025,776990,FILE,SL,Slider,86.3,2536.0,0.23,-0.12,-0.31,1.92,3.33,1.58,R,3,2,called_strike,strikeout,7.0,24,6,2.76,-1.44
2025-07-26,2025,776990,FILE,CU,Curveball,78.7,2396.0,1.12,-0.56,0.37,4.4,3.14,1.39,L,0,0,ball,,12.0,30,1,13.44,-6.72
2025-07-26,2025,776990,FILE,FF,4-Seam Fastball,93.4,2298.0,-0.5,1.48,-0.35,2.93,3.14,1.39,L,1,0,foul,,1.0,30,2,-6.0,17.76
2025-07-26,2025,776990,FILE,FF,4-Seam Fastball,93.5,2258.0,-0.5,1.58,0.4,3.04,3.14,1.39,L,1,1,foul,,3.0,30,3,-6.0,18.96
2025-07-26,2025,776990,FILE,SL,Slider,85.7,2538.0,0.35,-0.08,1.81,0.36,3.02,1.39,L,1,2,ball,,14.0,30,4,4.2,-0.96
2025-07-26,2025,776990,FILE,FF,4-Seam Fastball,95.7,2416.0,-0.67,1.53,-0.14,3.52,3.14,1.39,L,2,2,foul,,11.0,30,5,-8.04,18.36
2025-07-26,2025,776990,FILE,SL,Slider,85.6,2399.0,0.35,-0.24,-0.41,1.73,3.14,1.39,L,2,2,foul,,7.0,30,6,4.2,-2.88
2025-07-26,2025,776990,FILE,SL,Slider,84.9,2457.0,0.39,-0.21,-0.56,3.34,3.14,1.39,L,2,2,hit_into_play,double,11.0,30,7,4.68,-2.52
2025-07-26,2025,776990,FILE,SI,Sinker,95.7,2029.0,-1.09,1.02,-1.08,2.92,3.35,1.51,R,0,0,ball,,11.0,31,1,-13.08,12.24
2025-07-26,2025,776990,FILE,SI,Sinker,95.9,2068.0,-1.21,1.0,-1.57,2.85,3.33,1.51,R,1,0,hit_into_play,sac_bunt,11.0,31,2,-14.52,12.0
2025-07-26,2025,776990,FILE,SI,Sinker,95.9,2041.0,-0.95,1.12,-0.51,2.35,3.15,1.43,L,0,0,foul,,4.0,32,1,-11.4,13.44
2025-07-26,2025,776990,FILE,CH,Changeup,89.2,1517.0,-0.71,0.76,-0.89,3.58,3.1,1.43,L,0,1,ball,,11.0,32,2,-8.52,9.12
2025-07-26,2025,776990,FILE,CH,Changeup,87.8,1418.0,-0.73,0.76,-1.55,3.64,3.09,1.43,L,1,1,ball,,11.0,32,3,-8.76,9.12
2025-07-26,2025,776990,FILE,SI,Sinker,96.1,2251.0,-1.07,1.06,-0.21,2.27,3.15,1.43,L,2,1,foul,,5.0,32,4,-12.84,12.72
2025-07-26,2025,776990,FILE,SI,Sinker,96.9,2204.0,-0.98,1.13,-0.81,1.85,3.15,1.43,L,2,2,foul,,7.0,32,5,-11.76,13.56
2025-07-26,2025,776990,FILE,CU,Curveball,81.5,2196.0,0.79,-0.99,0.35,1.06,3.15,1.43,L,2,2,hit_into_play,home_run,14.0,32,6,9.48,-11.88
2025-07-26,2025,776990,FILE,CH,Changeup,87.8,1645.0,-1.05,0.57,-1.97,5.15,3.04,1.18,L,0,0,ball,,11.0,33,1,-12.6,6.84
2025-07-26,2025,776990,FILE,FF,4-Seam Fastball,95.1,2264.0,-0.66,1.54,-0.27,3.96,3.2,1.38,L,1,0,swinging_strike,,11.0,33,2,-7.92,18.48
2025-07-26,2025,776990,FILE,FF,4-Seam Fastball,94.8,2251.0,-0.7,1.52,-0.44,3.07,3.2,1.38,L,1,1,foul,,1.0,33,3,-8.4,18.24
2025-07-26,2025,776990,FILE,SL,Slider,85.9,2574.0,0.36,-0.03,0.04,3.38,3.2,1.38,L,1,2,swinging_strike,strikeout,12.0,33,4,4.32,-0.36
2025-07-26,2025,776990,FILE,CU,Curveball,81.4,2344.0,1.44,-0.19,-0.11,3.07,3.44,1.59,L,0,0,called_strike,,2.0,34,1,17.28,-2.28
2025-07-26,2025,776990,FILE,CH,Changeup,88.5,1582.0,-1.28,0.46,-0.58,2.15,3.43,1.53,L,0,1,hit_into_play,double,4.0,34,2,-15.36,5.52
2025-07-26,2025,776990,FILE,CU,Curveball,81.6,2160.0,0.98,-0.32,-0.07,0.89,3.53,1.81,L,0,0,ball,,13.0,35,1,11.76,-3.84
2025-07-26,2025,776990,FILE,CU,Curveball,80.7,2436.0,1.33,-0.4,0.85,2.22,3.42,1.66,L,1,0,ball,,14.0,35,2,15.96,-4.8
2025-07-26,2025,776990,FILE,FF,4-Seam Fastball,95.6,2252.0,-0.54,1.57,-0.81,1.71,3.49,1.7,L,2,0,called_strike,,7.0,35,3,-6.48,18.84
2025-07-26,2025,776990,FILE,CU,Curveball,81.2,2225.0,1.0,-0.49,-0.59,3.64,3.41,1.69,L,2,1,ball,,11.0,35,4,12.0,-5.88
2025-07-26,2025,776990,FILE,FF,4-Seam Fastball,95.6,2381.0,-0.56,1.55,-0.66,2.14,3.46,1.64,L,3,1,foul,,7.0,35,5,-6.72,18.6
2025-07-26,2025,776990,FILE,FF,4-Seam Fastball,96.5,2271.0,-0.42,1.47,-0.14,1.91,3.46,1.64,L,3,2,hit_into_play,field_out,8.0,35,6,-5.04,17.64
2025-07-26,2025,776990,FILE,SL,Slider,83.9,2490.0,0.57,-0.24,-0.61,3.64,3.54,1.57,R,0,0,foul,,1.0,40,1,6.84,-2.88
2025-07-26,2025,776990,FILE,SL,Slider,84.2,2401.0,0.2,-0.09,-0.17,2.39,3.54,1.57,R,0,1,hit_into_play,field_out,5.0,40,2,2.4,-1.08
2025-07-26,2025,776990,FILE,SI,Sinker,94.8,2222.0,-1.22,1.07,-1.36,2.34,3.37,1.64,L,0,0,ball,,13.0,41,1,-14.64,12.84
2025-07-26,2025,776990,FILE,SI,Sinker,94.9,2055.0,-1.02,1.04,-0.52,0.95,3.39,1.64,L,1,0,ball,,13.0,41,2,-12.24,12.48
2025-07-26,2025,776990,FILE,FF,4-Seam Fastball,94.5,2350.0,-0.67,1.52,0.06,2.67,3.36,1.64,L,2,0,called_strike,,5.0,41,3,-8.04,18.24
2025-07-26,2025,776990,FILE,FF,4-Seam Fastball,95.4,2330.0,-0.56,1.37,-0.46,2.37,3.36,1.64,L,2,1,hit_into_play,field_out,4.0,41,4,-6.72,16.44
2025-07-26,2025,776990,FILE,FF,4-Seam Fastball,96.2,2422.0,-0.58,1.38,0.22,2.56,3.33,1.58,R,0,0,called_strike,,5.0,42,1,-6.96,16.56
2025-07-26,2025,776990,FILE,SL,Slider,86.6,2567.0,0.26,0.06,0.16,1.88,3.42,1.58,R,0,1,hit_into_play,single,8.0,42,2,3.12,0.72
2025-07-26,2025,776990,FILE,FF,4-Seam Fastball,95.0,2355.0,-0.57,1.52,0.25,2.44,3.14,1.39,L,0,0,foul,,5.0,43,1,-6.84,18.24
2025-07-26,2025,776990,FILE,CH,Changeup,88.4,1189.0,-1.05,0.37,-2.29,3.19,3.09,1.39,L,0,1,ball,,11.0,43,2,-12.6,4.44
2025-07-26,2025,776990,FILE,FF,4-Seam Fastball,95.9,2255.0,-0.55,1.49,-0.1,3.17,3.14,1.39,L,1,1,foul,,2.0,43,3,-6.6,17.88
2025-07-26,2025,776990,FILE,FF,4-Seam Fastball,94.8,2223.0,-0.68,1.43,0.16,5.0,3.07,1.39,L,1,2,ball,,12.0,43,4,-8.16,17.16
2025-07-26,2025,776990,FILE,FF,4-Seam Fastball,96.1,2261.0,-0.58,1.35,-0.66,3.41,3.14,1.39,L,2,2,hit_into_play,double,11.0,43,5,-6.96,16.2
2025-07-26,2025,776990,FILE,SL,Slider,84.7,2422.0,0.36,0.17,-1.09,3.13,3.33,1.51,R,0,0,foul,,11.0,44,1,4.32,2.04
2025-07-26,2025,776990,FILE,SL,Slider,85.6,2422.0,0.11,0.13,0.47,2.43,3.33,1.51,R,0,1,hit_into_play,field_out,6.0,44,2,1.32,1.56
2025-07-28,2025,776971,FILE,FF,4-Seam Fastball,93.7,2311.0,-0.68,1.53,0.28,2.11,3.5,1.67,L,0,0,hit_into_play,field_out,9.0,82,1,-8.16,18.36
2025-07-28,2025,776971,FILE,FF,4-Seam Fastball,94.1,2260.0,-0.5,1.42,0.2,2.65,3.12,1.45,R,0,0,hit_into_play,double,2.0,83,1,-6.0,17.04
2025-07-28,2025,776971,FILE,SL,Slider,84.5,2331.0,0.33,-0.1,-0.87,3.02,3.25,1.47,L,0,0,called_strike,,11.0,84,1,3.96,-1.2
2025-07-28,2025,776971,FILE,CU,Curveball,79.0,2371.0,0.86,-0.92,-0.44,2.6,3.34,1.6,L,0,1,hit_into_play,single,4.0,84,2,10.32,-11.04
2025-07-28,2025,776971,FILE,CU,Curveball,80.0,2268.0,1.15,-0.48,0.16,2.42,3.56,1.63,L,0,0,hit_into_play,field_out,5.0,85,1,13.8,-5.76
2025-07-28,2025,776971,FILE,FF,4-Seam Fastball,96.1,2246.0,-0.36,1.42,1.49,2.51,3.51,1.62,R,0,0,ball,,14.0,86,1,-4.32,17.04
2025-07-28,2025,776971,FILE,SI,Sinker,97.2,2231.0,-1.17,0.95,-1.12,2.91,3.85,1.9,R,1,0,ball,,11.0,86,2,-14.04,11.4
2025-07-28,2025,776971,FILE,FF,4-Seam Fastball,96.1,2173.0,-0.52,1.54,0.2,4.16,3.59,1.67,R,2,0,ball,,12.0,86,3,-6.24,18.48
2025-07-28,2025,776971,FILE,FF,4-Seam Fastball,95.8,2314.0,-0.47,1.33,-0.03,3.68,3.62,1.66,R,3,0,swinging_strike,,2.0,86,4,-5.64,15.96
2025-07-28,2025,776971,FILE,FF,4-Seam Fastball,96.5,2216.0,-0.36,1.28,1.62,1.97,3.62,1.64,R,3,1,ball,walk,14.0,86,5,-4.32,15.36
2025-07-28,2025,776971,FILE,SI,Sinker,96.7,2116.0,-0.99,1.1,-0.73,2.25,3.47,1.56,R,0,0,called_strike,,4.0,87,1,-11.88,13.2
2025-07-28,2025,776971,FILE,CH,Changeup,88.9,1425.0,-0.72,0.18,-1.05,1.29,3.52,1.64,R,0,1,ball,,13.0,87,2,-8.64,2.16
2025-07-28,2025,776971,FILE,SI,Sinker,97.9,2149.0,-0.96,1.08,0.37,2.22,3.57,1.63,R,1,1,foul,,9.0,87,3,-11.52,12.96
2025-07-28,2025,776971,FILE,SL,Slider,86.6,2474.0,0.44,0.02,0.62,0.54,3.56,1.58,R,1,2,blocked_ball,,14.0,87,4,5.28,0.24
2025-07-28,2025,776971,FILE,SI,Sinker,98.1,2100.0,-0.99,0.85,-0.22,2.5,3.57,1.63,R,2,2,hit_into_play,field_out,5.0,87,5,-11.88,10.2
2025-07-30,2025,776936,FILE,SI,Sinker,94.9,2220.0,-1.48,1.02,-0.25,0.98,3.72,1.88,R,0,0,ball,,13.0,9,1,-17.76,12.24
2025-07-30,2025,776936,FILE,SL,Slider,85.9,2563.0,0.32,0.03,0.75,1.03,3.59,1.78,R,1,0,swinging_strike,,14.0,9,2,3.84,0.36
2025-07-30,2025,776936,FILE,SI,Sinker,96.9,2357.0,-1.33,0.86,-0.15,2.07,3.59,1.78,R,1,1,hit_into_play,field_out,8.0,9,3,-15.96,10.32
2025-07-30,2025,776936,FILE,SL,Slider,86.5,2549.0,0.11,0.14,0.37,2.06,3.26,1.57,L,0,0,foul,,9.0,10,1,1.32,1.68
2025-07-30,2025,776936,FILE,FF,4-Seam Fastball,95.8,2392.0,-0.64,1.66,1.02,3.0,3.27,1.6,L,0,1,ball,,12.0,10,2,-7.68,19.92
2025-07-30,2025,776936,FILE,FF,4-Seam Fastball,97.4,2354.0,-0.56,1.57,0.59,2.02,3.26,1.57,L,1,1,swinging_strike,,9.0,10,3,-6.72,18.84
2025-07-30,2025,776936,FILE,SL,Slider,87.7,2514.0,0.34,0.06,0.2,0.76,3.26,1.57,L,1,2,swinging_strike_blocked,strikeout,14.0,10,4,4.08,0.72
2025-07-30,2025,776936,FILE,SL,Slider,86.7,2438.0,0.13,-0.21,-0.36,1.83,3.44,1.62,R,0,0,swinging_strike,,7.0,11,1,1.56,-2.52
2025-07-30,2025,776936,FILE,SL,Slider,86.9,2382.0,0.06,-0.04,1.23,1.02,3.48,1.7,R,0,1,ball,,14.0,11,2,0.72,-0.48
2025-07-30,2025,776936,FILE,FF,4-Seam Fastball,96.8,2483.0,-0.83,1.51,-0.33,4.28,3.45,1.67,R,1,1,ball,,11.0,11,3,-9.96,18.12
2025-07-30,2025,776936,FILE,SI,Sinker,98.2,2297.0,-1.12,1.05,-0.28,2.9,3.44,1.62,R,2,1,foul_tip,,1.0,11,4,-13.44,12.6
2025-07-30,2025,776936,FILE,SL,Slider,88.7,2568.0,0.28,-0.07,-0.09,0.67,3.37,1.6,R,2,2,blocked_ball,,13.0,11,5,3.36,-0.84
2025-07-30,2025,776936,FILE,SI,Sinker,97.9,2187.0,-1.24,0.92,-1.15,2.42,3.44,1.62,R,3,2,foul,,13.0,11,6,-14.88,11.04
2025-07-30,2025,776936,FILE,FF,4-Seam Fastball,98.5,2422.0,-0.29,1.32,0.85,3.3,3.45,1.64,R,3,2,ball,walk,12.0,11,7,-3.48,15.84
2025-07-30,2025,776936,FILE,SI,Sinker,98.0,2210.0,-1.33,0.93,-1.4,3.55,3.86,1.83,R,0,0,ball,,11.0,12,1,-15.96,11.16
2025-07-30,2025,776936,FILE,SI,Sinker,97.4,2225.0,-1.37,0.91,-1.44,2.13,3.85,1.84,R,1,0,ball,,13.0,12,2,-16.44,10.92
2025-07-30,2025,776936,FILE,SL,Slider,86.4,2672.0,0.32,0.01,0.61,2.09,3.73,1.72,R,2,0,called_strike,,9.0,12,3,3.84,0.12
2025-07-30,2025,776936,FILE,SL,Slider,85.0,2580.0,0.34,-0.11,-0.6,3.55,3.73,1.7,R,2,1,foul,,1.0,12,4,4.08,-1.32
2025-07-30,2025,776936,FILE,SI,Sinker,97.3,2188.0,-1.2,1.01,-0.8,2.11,3.73,1.7,R,2,2,swinging_strike,strikeout,7.0,12,5,-14.4,12.12
2025-07-30,2025,776936,FILE,SI,Sinker,94.8,2134.0,-1.2,1.13,0.08,3.02,3.2,1.44,R,0,0,called_strike,,2.0,16,1,-14.4,13.56
2025-07-30,2025,776936,FILE,SL,Slider,86.2,2446.0,0.31,-0.17,0.65,2.76,3.13,1.44,R,0,1,called_strike,,3.0,16,2,3.72,-2.04
2025-07-30,2025,776936,FILE,SL,Slider,84.3,2336.0,0.28,-0.31,0.13,3.14,3.12,1.45,R,0,2,foul,,2.0,16,3,3.36,-3.72
2025-07-30,2025,776936,FILE,SL,Slider,85.7,2539.0,0.05,-0.21,1.0,1.91,3.12,1.45,R,0,2,swinging_strike,strikeout,14.0,16,4,0.6,-2.52
2025-07-30,2025,776936,FILE,FF,4-Seam Fastball,97.0,2388.0,-0.6,1.59,0.59,3.39,3.37,1.6,L,0,0,swinging_strike,,3.0,17,1,-7.2,19.08
2025-07-30,2025,776936,FILE,FF,4-Seam Fastball,97.5,2394.0,-0.5,1.63,1.16,3.61,3.57,1.76,L,0,1,ball,,12.0,17,2,-6.0,19.56
2025-07-30,2025,776936,FILE,CU,Curveball,84.9,2504.0,1.06,-1.01,0.81,-0.62,3.46,1.69,L,1,1,ball,,14.0,17,3,12.72,-12.12
2025-07-30,2025,776936,FILE,CU,Curveball,81.4,2438.0,0.95,-0.72,-0.71,2.11,3.37,1.6,L,2,1,hit_into_play,field_out,7.0,17,4,11.4,-8.64
2025-07-30,2025,776936,FILE,SL,Slider,87.1,2453.0,0.34,0.04,-0.88,3.16,3.59,1.81,L,0,0,called_strike,,11.0,18,1,4.08,0.48
2025-07-30,2025,776936,FILE,CH,Changeup,90.4,1394.0,-1.19,0.21,-1.16,1.74,3.59,1.69,L,0,1,ball,,13.0,18,2,-14.28,2.52
2025-07-30,2025,776936,FILE,FF,4-Seam Fastball,97.4,2491.0,-0.72,1.44,0.51,3.74,3.58,1.67,L,1,1,foul,,12.0,18,3,-8.64,17.28
2025-07-30,2025,776936,FILE,SL,Slider,87.1,2623.0,0.22,-0.19,0.54,0.06,3.59,1.73,L,1,2,ball,,14.0,18,4,2.64,-2.28
2025-07-30,2025,776936,FILE,CU,Curveball,84.2,2335.0,1.13,-0.59,-0.65,3.8,3.59,1.7,L,2,2,ball,,11.0,18,5,13.56,-7.08
2025-07-30,2025,776936,FILE,SL,Slider,86.1,2440.0,0.15,-0.21,-0.21,1.76,3.58,1.67,L,3,2,hit_into_play,field_out,8.0,18,6,1.8,-2.52
2025-08-24,2025,776615,FILE,SL,Slider,86.4,2543.0,0.35,-0.08,-0.06,2.59,3.35,1.5,R,0,0,called_strike,,5.0,73,1,4.2,-0.96
2025-08-24,2025,776615,FILE,SL,Slider,86.4,2529.0,0.37,-0.11,1.0,2.01,3.48,1.62,R,0,1,hit_into_play,field_out,14.0,73,2,4.44,-1.32
2025-08-24,2025,776615,FILE,FF,4-Seam Fastball,96.4,2517.0,-0.48,1.51,0.24,2.88,3.69,1.69,L,0,0,foul_tip,,5.0,74,1,-5.76,18.12
2025-08-24,2025,776615,FILE,SL,Slider,87.3,2574.0,0.19,-0.45,0.42,1.03,3.59,1.6,L,0,1,ball,,14.0,74,2,2.28,-5.4
2025-08-24,2025,776615,FILE,FF,4-Seam Fastball,96.8,2506.0,-0.54,1.68,-0.23,2.19,3.69,1.69,L,1,1,swinging_strike,,8.0,74,3,-6.48,20.16
2025-08-24,2025,776615,FILE,FF,4-Seam Fastball,97.1,2543.0,-0.39,1.68,-0.62,3.55,3.65,1.67,L,1,2,called_strike,strikeout,1.0,74,4,-4.68,20.16
2025-08-24,2025,776615,FILE,SI,Sinker,97.5,2294.0,-1.16,1.15,-0.74,1.88,3.48,1.64,R,0,0,hit_into_play,field_out,7.0,75,1,-13.92,13.8
2025-08-27,2025,776569,FILE,FF,4-Seam Fastball,94.7,2154.0,-0.66,1.53,-0.03,2.59,3.56,1.63,R,0,0,hit_into_play,field_out,5.0,62,1,-7.92,18.36
2025-08-27,2025,776569,FILE,FF,4-Seam Fastball,95.0,2184.0,-0.59,1.32,-0.35,3.99,3.52,1.66,L,0,0,ball,,11.0,63,1,-7.08,15.84
2025-08-27,2025,776569,FILE,SL,Slider,84.4,2476.0,0.28,-0.19,-1.34,2.57,3.51,1.59,L,1,0,ball,,11.0,63,2,3.36,-2.28
2025-08-27,2025,776569,FILE,FF,4-Seam Fastball,94.3,2298.0,-0.58,1.45,-0.36,3.93,3.49,1.63,L,2,0,ball,,11.0,63,3,-6.96,17.4
2025-08-27,2025,776569,FILE,FF,4-Seam Fastball,93.6,2348.0,-0.81,1.43,-0.45,1.68,3.55,1.6,L,3,0,called_strike,,7.0,63,4,-9.72,17.16
2025-08-27,2025,776569,FILE,FF,4-Seam Fastball,93.8,2295.0,-0.74,1.46,-0.77,0.82,3.5,1.58,L,3,1,ball,walk,13.0,63,5,-8.88,17.52
2025-08-27,2025,776569,FILE,SL,Slider,85.7,2453.0,0.22,0.17,0.38,3.21,3.33,1.59,R,0,0,called_strike,,3.0,64,1,2.64,2.04
2025-08-27,2025,776569,FILE,SL,Slider,85.6,2547.0,0.3,-0.05,1.05,1.5,3.45,1.63,R,0,1,foul,,14.0,64,2,3.6,-0.6
2025-08-27,2025,776569,FILE,FF,4-Seam Fastball,94.6,2296.0,-0.64,1.53,-0.27,3.33,3.45,1.63,R,0,2,hit_into_play,field_out,2.0,64,3,-7.68,18.36
2025-08-27,2025,776569,FILE,SL,Slider,84.6,2487.0,0.19,-0.05,-0.47,3.54,3.58,1.66,R,0,0,called_strike,,1.0,65,1,2.28,-0.6
2025-08-27,2025,776569,FILE,FF,4-Seam Fastball,94.5,2285.0,-0.62,1.51,0.08,1.45,3.62,1.7,R,0,1,ball,,14.0,65,2,-7.44,18.12
2025-08-27,2025,776569,FILE,SL,Slider,84.8,2534.0,0.23,-0.04,0.32,1.33,3.43,1.6,R,1,1,swinging_strike,,14.0,65,3,2.76,-0.48
2025-08-27,2025,776569,FILE,SL,Slider,86.0,2314.0,0.29,-0.12,1.33,2.26,3.6,1.64,R,1,2,ball,,14.0,65,4,3.48,-1.44
2025-08-27,2025,776569,FILE,FF,4-Seam Fastball,95.0,2294.0,-0.65,1.54,0.84,2.17,3.43,1.6,R,2,2,foul,,14.0,65,5,-7.8,18.48
2025-08-27,2025,776569,FILE,FF,4-Seam Fastball,94.8,2222.0,-0.82,1.39,-1.14,3.43,3.61,1.66,R,2,2,ball,,11.0,65,6,-9.84,16.68
2025-08-27,2025,776569,FILE,FF,4-Seam Fastball,95.5,2069.0,-0.68,1.33,-0.23,1.82,3.43,1.6,R,3,2,hit_into_play,field_out,8.0,65,7,-8.16,15.96
2025-08-29,2025,776540,FILE,FF,4-Seam Fastball,93.8,2256.0,-0.86,1.37,-0.08,1.81,3.49,1.56,R,0,0,called_strike,,8.0,37,1,-10.32,16.44
2025-08-29,2025,776540,FILE,SI,Sinker,95.8,2308.0,-1.13,1.12,-0.43,2.4,3.61,1.74,R,0,1,called_strike,,4.0,37,2,-13.56,13.44
2025-08-29,2025,776540,FILE,SL,Slider,84.9,2400.0,0.38,0.03,1.23,1.74,3.49,1.59,R,0,2,ball,,14.0,37,3,4.56,0.36
2025-08-29,2025,776540,FILE,SI,Sinker,97.0,2257.0,-1.14,1.18,-0.84,2.36,3.59,1.65,R,1,2,hit_into_play,field_out,13.0,37,4,-13.68,14.16
2025-08-29,2025,776540,FILE,SL,Slider,84.8,2492.0,0.4,-0.25,0.63,1.99,3.19,1.44,L,0,0,foul,,6.0,38,1,4.8,-3.0
2025-08-29,2025,776540,FILE,FF,4-Seam Fastball,95.1,2229.0,-0.79,1.56,-0.13,3.09,3.19,1.44,L,0,1,swinging_strike,,2.0,38,2,-9.48,18.72
2025-08-29,2025,776540,FILE,FF,4-Seam Fastball,95.2,2279.0,-0.73,1.55,0.11,2.94,3.19,1.44,L,0,2,foul,,2.0,38,3,-8.76,18.6
2025-08-29,2025,776540,FILE,SL,Slider,86.9,2534.0,0.33,0.02,0.52,1.19,3.2,1.45,L,0,2,ball,,14.0,38,4,3.96,0.24
2025-08-29,2025,776540,FILE,FF,4-Seam Fastball,96.0,2582.0,-0.69,1.38,-0.27,2.72,3.19,1.44,L,1,2,hit_into_play,field_out,2.0,38,5,-8.28,16.56
2025-08-29,2025,776540,FILE,SL,Slider,85.2,2592.0,0.35,0.03,1.82,1.1,3.4,1.53,R,0,0,ball,,14.0,42,1,4.2,0.36
2025-08-29,2025,776540,FILE,SI,Sinker,96.5,2291.0,-1.29,0.82,-0.62,1.81,3.4,1.52,R,1,0,foul,,7.0,42,2,-15.48,9.84
2025-08-29,2025,776540,FILE,SI,Sinker,96.6,2168.0,-1.35,0.97,0.03,1.2,3.29,1.45,R,1,1,ball,,14.0,42,3,-16.2,11.64
2025-08-29,2025,776540,FILE,SL,Slider,85.7,2513.0,0.27,0.07,0.36,1.71,3.4,1.52,R,2,1,foul,,9.0,42,4,3.24,0.84
2025-08-29,2025,776540,FILE,SI,Sinker,97.0,2418.0,-1.23,1.02,-0.35,2.13,3.4,1.52,R,2,2,hit_into_play,field_out,4.0,42,5,-14.76,12.24
2025-08-29,2025,776540,FILE,FF,4-Seam Fastball,95.6,2404.0,-0.62,1.51,-0.22,3.69,3.1,1.47,L,0,0,ball,,11.0,43,1,-7.44,18.12
2025-08-29,2025,776540,FILE,SL,Slider,85.8,2565.0,0.31,-0.06,0.33,2.28,3.19,1.38,L,1,0,called_strike,,6.0,43,2,3.72,-0.72
2025-08-29,2025,776540,FILE,FF,4-Seam Fastball,96.1,2184.0,-0.91,1.22,-1.05,2.6,3.25,1.49,L,1,1,ball,,11.0,43,3,-10.92,14.64
2025-08-29,2025,776540,FILE,FF,4-Seam Fastball,95.9,2407.0,-0.6,1.5,-0.37,3.45,3.32,1.52,L,2,1,swinging_strike,,11.0,43,4,-7.2,18.0
2025-08-29,2025,776540,FILE,FF,4-Seam Fastball,97.4,2456.0,-0.61,1.53,0.08,2.64,3.32,1.52,L,2,2,foul,,5.0,43,5,-7.32,18.36
2025-08-29,2025,776540,FILE,FF,4-Seam Fastball,96.3,2448.0,-0.49,1.6,-0.77,3.11,3.27,1.61,L,2,2,ball,,1.0,43,6,-5.88,19.2
2025-08-29,2025,776540,FILE,SL,Slider,86.1,2476.0,0.29,0.12,-0.69,1.05,3.32,1.52,L,3,2,swinging_strike,strikeout,13.0,43,7,3.48,1.44
2025-08-29,2025,776540,FILE,SL,Slider,87.4,2445.0,0.29,-0.14,1.26,1.37,3.49,1.63,R,0,0,swinging_strike,,14.0,44,1,3.48,-1.68
2025-08-29,2025,776540,FILE,FF,4-Seam Fastball,95.1,2394.0,-0.41,1.53,0.27,4.34,3.49,1.63,R,0,1,swinging_strike,,12.0,44,2,-4.92,18.36
2025-08-29,2025,776540,FILE,SL,Slider,87.1,2421.0,0.3,0.03,0.75,3.71,3.34,1.52,R,0,2,ball,,12.0,44,3,3.6,0.36
2025-08-29,2025,776540,FILE,SL,Slider,86.8,2549.0,0.4,-0.04,1.71,0.51,3.49,1.63,R,1,2,swinging_strike,strikeout,14.0,44,4,4.8,-0.48
2025-08-31,2025,776512,FILE,SL,Slider,85.0,2523.0,0.13,0.19,0.31,3.4,3.43,1.74,R,0,0,called_strike,,3.0,50,1,1.56,2.28
2025-08-31,2025,776512,FILE,SI,Sinker,94.7,2229.0,-1.05,0.87,-0.39,2.27,3.15,1.47,R,0,1,hit_into_play,field_out,4.0,50,2,-12.6,10.44
2025-08-31,2025,776512,FILE,SL,Slider,83.6,2478.0,0.52,-0.15,-0.26,2.47,3.31,1.57,L,0,0,called_strike,,5.0,51,1,6.24,-1.8
2025-08-31,2025,776512,FILE,SL,Slider,84.0,2529.0,0.49,-0.1,0.88,1.29,3.33,1.64,L,0,1,ball,,14.0,51,2,5.88,-1.2
2025-08-31,2025,776512,FILE,CH,Changeup,86.1,1340.0,-0.82,0.37,-0.89,1.7,3.35,1.55,L,1,1,foul,,13.0,51,3,-9.84,4.44
2025-08-31,2025,776512,FILE,SL,Slider,84.9,2464.0,0.33,-0.15,-0.42,2.09,3.35,1.55,L,1,2,foul,,7.0,51,4,3.96,-1.8
2025-08-31,2025,776512,FILE,FF,4-Seam Fastball,96.0,2412.0,-0.99,1.49,-0.37,1.71,3.34,1.62,L,1,2,called_strike,strikeout,7.0,51,5,-11.88,17.88
2025-08-31,2025,776512,FILE,SL,Slider,86.6,2483.0,0.28,-0.08,0.77,1.75,3.26,1.52,R,0,0,swinging_strike,,9.0,52,1,3.36,-0.96
2025-08-31,2025,776512,FILE,SL,Slider,86.3,2498.0,0.32,-0.04,0.91,1.97,3.31,1.59,R,0,1,ball,,14.0,52,2,3.84,-0.48
2025-08-31,2025,776512,FILE,SI,Sinker,95.8,2399.0,-1.15,1.28,-0.79,1.27,3.24,1.56,R,1,1,ball,,13.0,52,3,-13.8,15.36
2025-08-31,2025,776512,FILE,SL,Slider,85.6,2432.0,0.25,-0.01,0.93,1.9,3.27,1.62,R,2,1,ball,,14.0,52,4,3.0,-0.12
2025-08-31,2025,776512,FILE,SI,Sinker,96.4,2346.0,-1.15,1.13,-0.7,2.12,3.21,1.49,R,3,1,called_strike,,4.0,52,5,-13.8,13.56
2025-08-31,2025,776512,FILE,SI,Sinker,97.0,2284.0,-1.2,1.09,-1.06,2.3,3.2,1.59,R,3,2,ball,walk,13.0,52,6,-14.4,13.08
2025-08-31,2025,776512,FILE,SL,Slider,85.4,2375.0,0.24,-0.13,0.74,2.03,3.47,1.6,L,0,0,swinging_strike,,9.0,53,1,2.88,-1.56
2025-08-31,2025,776512,FILE,FF,4-Seam Fastball,95.4,2301.0,-0.66,1.49,-0.15,4.16,3.39,1.63,L,0,1,ball,,11.0,53,2,-7.92,17.88
2025-08-31,2025,776512,FILE,FF,4-Seam Fastball,96.1,2344.0,-0.94,1.51,0.4,3.2,3.47,1.6,L,1,1,swinging_strike,,3.0,53,3,-11.28,18.12
2025-08-31,2025,776512,FILE,SL,Slider,87.3,2570.0,0.32,0.17,1.94,1.29,3.31,1.62,L,1,2,ball,,14.0,53,4,3.84,2.04
2025-08-31,2025,776512,FILE,SL,Slider,85.7,2432.0,0.33,-0.04,0.47,2.04,3.47,1.6,L,2,2,foul,,9.0,53,5,3.96,-0.48
2025-08-31,2025,776512,FILE,CU,Curveball,82.2,2296.0,0.66,-0.61,0.05,1.62,3.47,1.6,L,2,2,foul,,8.0,53,6,7.92,-7.32
2025-08-31,2025,776512,FILE,SI,Sinker,96.3,2179.0,-1.09,0.86,0.28,3.82,3.47,1.6,L,2,2,swinging_strike,strikeout,12.0,53,7,-13.08,10.32
2025-09-03,2025,776466,FILE,SL,Slider,83.1,2410.0,0.54,-0.18,0.35,2.16,3.48,1.67,R,0,0,called_strike,,9.0,46,1,6.48,-2.16
2025-09-03,2025,776466,FILE,FF,4-Seam Fastball,92.9,2315.0,-0.48,1.39,-0.57,3.93,3.47,1.61,R,0,1,swinging_strike,,11.0,46,2,-5.76,16.68
2025-09-03,2025,776466,FILE,SL,Slider,85.5,2478.0,0.06,0.06,1.66,1.23,3.51,1.49,R,0,2,ball,,14.0,46,3,0.72,0.72
2025-09-03,2025,776466,FILE,FF,4-Seam Fastball,94.0,2355.0,-0.32,1.45,0.69,3.21,3.47,1.61,R,1,2,swinging_strike,strikeout,3.0,46,4,-3.84,17.4
2025-09-03,2025,776466,FILE,SL,Slider,84.7,2483.0,0.32,-0.06,-0.06,1.96,3.28,1.47,R,0,0,hit_into_play,field_out,8.0,47,1,3.84,-0.72
2025-09-03,2025,776466,FILE,SL,Slider,86.4,2473.0,0.46,-0.17,0.36,2.39,3.64,1.74,R,0,0,foul,,6.0,48,1,5.52,-2.04
2025-09-03,2025,776466,FILE,FF,4-Seam Fastball,95.7,2445.0,-0.53,1.59,0.18,3.23,3.64,1.74,R,0,1,swinging_strike,,2.0,48,2,-6.36,19.08
2025-09-03,2025,776466,FILE,FF,4-Seam Fastball,95.5,2381.0,-0.57,1.56,-1.27,4.23,3.61,1.76,R,0,2,ball,,11.0,48,3,-6.84,18.72
2025-09-03,2025,776466,FILE,FF,4-Seam Fastball,96.5,2490.0,-0.96,1.71,0.58,3.2,3.64,1.74,R,1,2,foul,,3.0,48,4,-11.52,20.52
2025-09-03,2025,776466,FILE,SL,Slider,88.2,2560.0,0.24,0.17,1.15,1.94,3.64,1.74,R,1,2,hit_into_play,field_out,14.0,48,5,2.88,2.04
2025-09-04,2025,776463,FILE,FF,4-Seam Fastball,94.1,2314.0,-0.54,1.49,0.53,2.03,3.23,1.46,L,0,0,called_strike,,6.0,42,1,-6.48,17.88
2025-09-04,2025,776463,FILE,SL,Slider,84.2,2450.0,0.29,-0.23,-0.98,1.89,3.17,1.43,L,0,1,ball,,13.0,42,2,3.48,-2.76
2025-09-04,2025,776463,FILE,CH,Changeup,87.0,1363.0,-0.78,0.78,-0.92,1.93,3.2,1.46,L,1,1,ball,,13.0,42,3,-9.36,9.36
2025-09-04,2025,776463,FILE,SL,Slider,84.2,2519.0,0.4,-0.13,0.84,1.38,3.15,1.43,L,2,1,hit_into_play,field_out,14.0,42,4,4.8,-1.56
2025-09-04,2025,776463,FILE,SL,Slider,85.9,2524.0,0.31,0.0,-0.06,2.1,3.59,1.62,R,0,0,called_strike,,8.0,43,1,3.72,0.0
2025-09-04,2025,776463,FILE,FF,4-Seam Fastball,93.8,2455.0,-0.78,1.34,0.4,3.46,3.63,1.7,R,0,1,swinging_strike,,3.0,43,2,-9.36,16.08
2025-09-04,2025,776463,FILE,SL,Slider,86.5,2486.0,0.22,0.03,1.06,1.09,3.63,1.7,R,0,2,swinging_strike,strikeout,14.0,43,3,2.64,0.36
2025-09-04,2025,776463,FILE,SL,Slider,86.2,2551.0,0.3,-0.1,1.26,2.04,3.27,1.49,R,0,0,ball,,14.0,44,1,3.6,-1.2
2025-09-04,2025,776463,FILE,SL,Slider,85.3,2515.0,0.19,-0.26,0.11,0.57,3.27,1.47,R,1,0,swinging_strike,,14.0,44,2,2.28,-3.12
2025-09-04,2025,776463,FILE,SI,Sinker,96.3,2329.0,-1.32,1.05,-0.72,2.83,3.27,1.47,R,1,1,hit_into_play,field_out,1.0,44,3,-15.84,12.6
2025-09-04,2025,776463,FILE,FF,4-Seam Fastball,94.9,2323.0,-0.62,1.33,0.94,2.38,3.44,1.61,R,0,0,ball,,14.0,48,1,-7.44,15.96
2025-09-04,2025,776463,FILE,SI,Sinker,94.2,2347.0,-1.2,1.1,-0.64,1.9,3.44,1.58,R,1,0,called_strike,,7.0,48,2,-14.4,13.2
2025-09-04,2025,776463,FILE,SL,Slider,86.4,2530.0,0.34,0.1,0.72,2.18,3.42,1.59,R,1,1,called_strike,,6.0,48,3,4.08,1.2
2025-09-04,2025,776463,FILE,FF,4-Seam Fastball,95.4,2297.0,-0.64,1.41,-0.35,2.81,3.49,1.62,R,1,2,foul,,4.0,48,4,-7.68,16.92
2025-09-04,2025,776463,FILE,FF,4-Seam Fastball,94.5,2530.0,-0.76,1.61,1.17,4.27,3.45,1.62,R,1,2,ball,,12.0,48,5,-9.12,19.32
2025-09-04,2025,776463,FILE,SL,Slider,87.5,2577.0,0.36,0.13,1.35,0.65,3.49,1.57,R,2,2,ball,,14.0,48,6,4.32,1.56
2025-09-04,2025,776463,FILE,SI,Sinker,96.9,2471.0,-1.22,1.03,0.45,3.18,3.49,1.62,R,3,2,swinging_strike,strikeout,3.0,48,7,-14.64,12.36
2025-09-04,2025,776463,FILE,SL,Slider,85.9,2631.0,0.29,0.11,0.16,2.54,3.56,1.66,R,0,0,called_strike,,5.0,49,1,3.48,1.32
2025-09-04,2025,776463,FILE,FF,4-Seam Fastball,94.7,2461.0,-0.66,1.41,-0.46,3.94,3.64,1.74,R,0,1,swinging_strike,,11.0,49,2,-7.92,16.92
2025-09-04,2025,776463,FILE,FF,4-Seam Fastball,95.7,2428.0,-0.58,1.33,-0.36,4.43,3.56,1.75,R,0,2,ball,,11.0,49,3,-6.96,15.96
2025-09-04,2025,776463,FILE,SL,Slider,86.0,2666.0,0.28,0.02,0.72,2.34,3.64,1.74,R,1,2,hit_into_play,field_out,6.0,49,4,3.36,0.24
2025-09-04,2025,776463,FILE,SL,Slider,85.0,2509.0,0.09,0.01,-0.24,3.96,3.33,1.52,R,0,0,ball,,11.0,50,1,1.08,0.12
2025-09-04,2025,776463,FILE,FF,4-Seam Fastball,94.1,2375.0,-0.68,1.68,-0.04,4.51,3.33,1.52,R,1,0,ball,,11.0,50,2,-8.16,20.16
2025-09-04,2025,776463,FILE,SL,Slider,84.5,2537.0,0.21,0.13,-0.47,2.11,3.31,1.56,R,2,0,foul,,4.0,50,3,2.52,1.56
2025-09-04,2025,776463,FILE,SL,Slider,85.4,2619.0,0.03,-0.19,-0.19,2.65,3.31,1.56,R,2,1,foul,,5.0,50,4,0.36,-2.28
2025-09-04,2025,776463,FILE,FF,4-Seam Fastball,94.7,2399.0,-0.54,1.59,1.2,3.37,3.31,1.56,R,2,2,foul,,12.0,50,5,-6.48,19.08
2025-09-04,2025,776463,FILE,SI,Sinker,95.6,2469.0,-1.15,1.09,0.99,3.9,3.3,1.56,R,2,2,ball,,12.0,50,6,-13.8,13.08
2025-09-04,2025,776463,FILE,FF,4-Seam Fastball,95.8,2559.0,-0.74,1.46,1.17,3.62,3.3,1.56,R,3,2,ball,walk,12.0,50,7,-8.88,17.52
2025-09-04,2025,776463,FILE,FF,4-Seam Fastball,95.2,2469.0,-0.81,1.52,-0.15,2.82,3.62,1.76,R,0,0,swinging_strike,,5.0,51,1,-9.72,18.24
2025-09-04,2025,776463,FILE,FF,4-Seam Fastball,95.1,2453.0,-0.84,1.44,-0.15,3.12,3.62,1.76,R,0,1,foul,,2.0,51,2,-10.08,17.28
2025-09-04,2025,776463,FILE,FF,4-Seam Fastball,95.4,2412.0,-0.72,1.59,1.61,2.77,3.55,1.65,R,0,2,ball,,12.0,51,3,-8.64,19.08
2025-09-08,2025,776413,FILE,FF,4-Seam Fastball,94.3,2522.0,-0.62,1.68,0.51,4.53,3.25,1.36,L,0,0,ball,,12.0,52,1,-7.44,20.16
2025-09-08,2025,776413,FILE,FF,4-Seam Fastball,94.5,2502.0,-0.72,1.57,-0.24,2.48,3.36,1.39,L,1,0,called_strike,,5.0,52,2,-8.64,18.84
2025-09-08,2025,776413,FILE,FF,4-Seam Fastball,94.3,2424.0,-0.85,1.58,-0.13,3.09,3.21,1.39,L,1,1,foul,,2.0,52,3,-10.2,18.96
2025-09-08,2025,776413,FILE,SL,Slider,85.2,2529.0,0.23,-0.23,0.63,-0.31,3.24,1.32,L,1,2,ball,,14.0,52,4,2.76,-2.76
2025-09-08,2025,776413,FILE,FF,4-Seam Fastball,95.5,2383.0,-0.57,1.46,-0.17,4.51,3.19,1.38,L,2,2,ball,,11.0,52,5,-6.84,17.52
2025-09-08,2025,776413,FILE,SL,Slider,85.0,2518.0,0.39,-0.04,1.32,1.28,3.21,1.39,L,3,2,swinging_strike,strikeout,14.0,52,6,4.68,-0.48
2025-09-08,2025,776413,FILE,CU,Curveball,79.1,2496.0,0.84,-0.96,0.69,0.17,3.82,1.65,L,0,0,ball,,14.0,53,1,10.08,-11.52
2025-09-08,2025,776413,FILE,CH,Changeup,88.8,1449.0,-1.06,0.16,-1.31,1.45,3.8,1.72,L,1,0,ball,,13.0,53,2,-12.72,1.92
2025-09-08,2025,776413,FILE,FF,4-Seam Fastball,95.6,2473.0,-0.89,1.61,-0.07,3.78,3.78,1.77,L,2,0,ball,,2.0,53,3,-10.68,19.32
2025-09-08,2025,776413,FILE,FF,4-Seam Fastball,94.0,2424.0,-0.76,1.73,0.71,2.38,3.87,1.75,L,3,0,called_strike,,9.0,53,4,-9.12,20.76
2025-09-08,2025,776413,FILE,FF,4-Seam Fastball,95.2,2456.0,-0.82,1.6,0.06,2.39,3.91,1.74,L,3,1,called_strike,,8.0,53,5,-9.84,19.2
2025-09-08,2025,776413,FILE,FF,4-Seam Fastball,96.1,2459.0,-0.86,1.52,0.49,1.3,3.88,1.64,L,3,2,ball,walk,14.0,53,6,-10.32,18.24
2025-09-08,2025,776413,FILE,CU,Curveball,80.2,2382.0,1.26,-0.66,-0.18,3.51,3.12,1.62,L,0,0,called_strike,,11.0,54,1,15.12,-7.92
2025-09-08,2025,776413,FILE,FF,4-Seam Fastball,94.4,2408.0,-1.09,1.52,-0.22,2.83,3.22,1.44,L,0,1,swinging_strike,,2.0,54,2,-13.08,18.24
2025-09-08,2025,776413,FILE,SL,Slider,85.6,2552.0,0.12,-0.19,0.17,1.31,3.22,1.44,L,0,2,swinging_strike,strikeout,14.0,54,3,1.44,-2.28
2025-09-08,2025,776413,FILE,FF,4-Seam Fastball,96.4,2457.0,-0.92,1.58,-0.68,3.08,3.24,1.42,L,0,0,swinging_strike,,1.0,55,1,-11.04,18.96
2025-09-08,2025,776413,FILE,FF,4-Seam Fastball,96.4,2466.0,-0.95,1.5,0.29,3.64,3.26,1.49,L,0,1,ball,,12.0,55,2,-11.4,18.0
2025-09-08,2025,776413,FILE,CU,Curveball,82.1,2507.0,1.0,-0.85,-0.18,1.1,3.28,1.44,L,1,1,ball,,13.0,55,3,12.0,-10.2
2025-09-08,2025,776413,FILE,FF,4-Seam Fastball,95.8,2496.0,-0.86,1.49,0.38,1.85,3.24,1.42,L,2,1,called_strike,,9.0,55,4,-10.32,17.88
2025-09-08,2025,776413,FILE,FF,4-Seam Fastball,95.7,2485.0,-0.97,1.55,-0.23,3.25,3.24,1.42,L,2,2,swinging_strike,strikeout,2.0,55,5,-11.64,18.6
2025-09-10,2025,776382,FILE,FF,4-Seam Fastball,92.3,2308.0,-0.73,1.61,-0.28,3.75,3.26,1.47,L,0,0,ball,,11.0,7,1,-8.76,19.32
2025-09-10,2025,776382,FILE,FF,4-Seam Fastball,93.1,2357.0,-1.01,1.47,-1.54,2.46,3.18,1.46,L,1,0,ball,,11.0,7,2,-12.12,17.64
2025-09-10,2025,776382,FILE,SI,Sinker,93.0,2250.0,-1.29,1.29,-0.34,2.79,3.17,1.5,L,2,0,called_strike,,1.0,7,3,-15.48,15.48
2025-09-10,2025,776382,FILE,SL,Slider,85.2,2569.0,0.35,0.15,0.17,2.55,3.21,1.45,L,2,1,foul,,5.0,7,4,4.2,1.8
2025-09-10,2025,776382,FILE,CH,Changeup,87.8,1503.0,-1.45,0.25,-0.76,1.48,3.21,1.45,L,2,2,hit_into_play,single,7.0,7,5,-17.4,3.0
2025-09-10,2025,776382,FILE,FF,4-Seam Fastball,94.1,2327.0,-0.89,1.38,-0.62,1.94,3.4,1.6,L,0,0,called_strike,,7.0,8,1,-10.68,16.56
2025-09-10,2025,776382,FILE,CU,Curveball,80.9,2666.0,0.97,-0.94,-0.05,0.62,3.37,1.55,L,0,1,ball,,13.0,8,2,11.64,-11.28
2025-09-10,2025,776382,FILE,SL,Slider,84.5,2471.0,0.18,-0.06,-0.79,2.84,3.32,1.58,L,1,1,ball,,1.0,8,3,2.16,-0.72
2025-09-10,2025,776382,FILE,SL,Slider,84.7,2504.0,0.2,0.02,0.43,1.86,3.3,1.5,L,2,1,foul,,9.0,8,4,2.4,0.24
2025-09-10,2025,776382,FILE,FF,4-Seam Fastball,95.0,2373.0,-0.74,1.45,-0.61,4.14,3.44,1.58,L,2,2,ball,,11.0,8,5,-8.88,17.4
2025-09-10,2025,776382,FILE,SI,Sinker,94.8,2205.0,-1.04,1.08,0.14,3.04,3.3,1.5,L,3,2,foul,,2.0,8,6,-12.48,12.96
2025-09-10,2025,776382,FILE,FF,4-Seam Fastball,96.2,2367.0,-0.72,1.45,-1.32,2.58,3.42,1.61,L,3,2,ball,walk,11.0,8,7,-8.64,17.4
2025-09-10,2025,776382,FILE,FF,4-Seam Fastball,95.8,2307.0,-0.55,1.49,-1.06,3.31,3.43,1.57,L,0,0,ball,,11.0,9,1,-6.6,17.88
2025-09-10,2025,776382,FILE,SI,Sinker,94.8,2249.0,-1.25,1.11,-0.65,1.54,3.46,1.68,L,1,0,ball,,13.0,9,2,-15.0,13.32
2025-09-10,2025,776382,FILE,SL,Slider,84.8,2429.0,0.15,0.19,0.16,2.58,3.43,1.55,L,2,0,hit_into_play,field_out,5.0,9,3,1.8,2.28
2025-09-10,2025,776382,FILE,FF,4-Seam Fastball,95.2,2317.0,-0.78,1.56,0.71,2.88,3.2,1.45,L,0,0,called_strike,,3.0,10,1,-9.36,18.72
2025-09-10,2025,776382,FILE,FF,4-Seam Fastball,95.9,2316.0,-0.78,1.46,0.2,2.68,3.2,1.39,L,0,1,swinging_strike,,2.0,10,2,-9.36,17.52
2025-09-10,2025,776382,FILE,FF,4-Seam Fastball,94.7,2433.0,-0.77,1.66,-0.21,3.22,3.2,1.39,L,0,2,foul,,2.0,10,3,-9.24,19.92
2025-09-10,2025,776382,FILE,CU,Curveball,83.4,2548.0,0.7,-0.69,1.36,-0.78,3.19,1.49,L,0,2,blocked_ball,,14.0,10,4,8.4,-8.28
2025-09-10,2025,776382,FILE,SL,Slider,86.1,2327.0,0.13,-0.18,0.53,1.89,3.2,1.39,L,1,2,hit_into_play,home_run,9.0,10,5,1.56,-2.16
2025-09-10,2025,776382,FILE,FF,4-Seam Fastball,94.5,2263.0,-0.63,1.53,-0.48,3.87,3.25,1.43,L,0,0,swinging_strike,,11.0,11,1,-7.56,18.36
2025-09-10,2025,776382,FILE,CH,Changeup,87.9,1362.0,-0.72,0.61,-0.1,1.89,3.25,1.43,L,0,1,foul,,8.0,11,2,-8.64,7.32
2025-09-10,2025,776382,FILE,FF,4-Seam Fastball,94.4,2309.0,-0.75,1.5,-0.37,3.94,3.25,1.43,L,0,2,swinging_strike,strikeout,11.0,11,3,-9.0,18.0
2025-09-10,2025,776382,FILE,FF,4-Seam Fastball,93.6,2313.0,-0.81,1.52,-0.61,2.35,3.35,1.63,L,0,0,foul,,4.0,15,1,-9.72,18.24
2025-09-10,2025,776382,FILE,FF,4-Seam Fastball,92.7,2345.0,-0.83,1.44,-0.29,2.92,3.35,1.63,L,0,1,foul,,1.0,15,2,-9.96,17.28
2025-09-10,2025,776382,FILE,FF,4-Seam Fastball,94.7,2329.0,-0.75,1.42,0.2,3.16,3.35,1.63,L,0,2,swinging_strike,strikeout,2.0,15,3,-9.0,17.04
2025-09-10,2025,776382,FILE,CU,Curveball,80.0,2358.0,0.74,-0.38,1.16,1.36,3.45,1.58,L,0,0,swinging_strike,,14.0,16,1,8.88,-4.56
2025-09-10,2025,776382,FILE,FF,4-Seam Fastball,94.3,2254.0,-0.72,1.54,-0.5,2.94,3.45,1.58,L,0,1,foul_tip,,1.0,16,2,-8.64,18.48
2025-09-10,2025,776382,FILE,FF,4-Seam Fastball,94.9,2236.0,-0.79,1.52,-0.25,3.02,3.45,1.58,L,0,2,foul_tip,strikeout,2.0,16,3,-9.48,18.24
2025-09-10,2025,776382,FILE,SI,Sinker,94.7,2314.0,-1.24,1.12,-0.98,2.94,3.07,1.38,L,0,0,swinging_strike,,11.0,17,1,-14.88,13.44
2025-09-10,2025,776382,FILE,CU,Curveball,80.4,2410.0,1.48,-0.33,0.59,0.89,3.04,1.43,L,0,1,ball,,14.0,17,2,17.76,-3.96
2025-09-10,2025,776382,FILE,CH,Changeup,86.9,1394.0,-1.09,0.66,-0.84,1.28,3.12,1.46,L,1,1,ball,,13.0,17,3,-13.08,7.92
2025-09-10,2025,776382,FILE,SI,Sinker,95.3,2310.0,-1.38,1.04,-0.93,1.62,3.13,1.47,L,2,1,ball,,13.0,17,4,-16.56,12.48
2025-09-10,2025,776382,FILE,FF,4-Seam Fastball,95.0,2351.0,-0.52,1.63,0.39,2.35,3.07,1.38,L,3,1,foul,,6.0,17,5,-6.24,19.56
2025-09-10,2025,776382,FILE,SI,Sinker,94.2,2218.0,-1.21,1.01,-0.62,2.7,3.07,1.38,L,3,2,hit_into_play,single,1.0,17,6,-14.52,12.12
2025-09-10,2025,776382,FILE,CU,Curveball,80.9,2362.0,1.21,-0.58,0.5,2.54,3.22,1.45,L,0,0,hit_into_play,field_out,6.0,18,1,14.52,-6.96
2025-09-13,2025,776342,FILE,FF,4-Seam Fastball,95.1,2244.0,-0.8,1.64,0.19,3.33,3.2,1.58,L,0,0,foul,,12.0,53,1,-9.6,19.68
2025-09-13,2025,776342,FILE,SL,Slider,84.7,2415.0,0.33,-0.08,-0.24,2.25,3.2,1.58,L,0,1,hit_into_play,single,5.0,53,2,3.96,-0.96
2025-09-13,2025,776342,FILE,CU,Curveball,78.7,2296.0,1.04,-0.59,-0.17,2.24,3.29,1.51,R,0,0,called_strike,,5.0,54,1,12.48,-7.08
2025-09-13,2025,776342,FILE,FF,4-Seam Fastball,95.8,2269.0,-0.48,1.56,-0.27,4.48,3.21,1.54,R,0,1,ball,,11.0,54,2,-5.76,18.72
2025-09-13,2025,776342,FILE,SI,Sinker,96.4,2210.0,-1.11,1.01,-0.1,2.89,3.21,1.51,R,1,1,foul_tip,,2.0,54,3,-13.32,12.12
2025-09-13,2025,776342,FILE,FF,4-Seam Fastball,96.9,2308.0,-0.51,1.57,0.91,3.71,3.21,1.51,R,1,2,foul,,12.0,54,4,-6.12,18.84
2025-09-13,2025,776342,FILE,CH,Changeup,89.1,1510.0,-1.1,0.3,-0.54,2.86,3.21,1.51,R,1,2,hit_into_play,single,1.0,54,5,-13.2,3.6
2025-09-13,2025,776342,FILE,CU,Curveball,78.9,2354.0,0.88,-0.42,-0.24,2.28,3.19,1.47,L,0,0,called_strike,,5.0,55,1,10.56,-5.04
2025-09-13,2025,776342,FILE,CH,Changeup,87.9,1527.0,-0.92,0.57,-1.25,1.09,3.24,1.47,L,0,1,ball,,13.0,55,2,-11.04,6.84
2025-09-13,2025,776342,FILE,FF,4-Seam Fastball,96.1,2315.0,-0.86,1.63,-0.68,4.04,3.22,1.5,L,1,1,swinging_strike,,11.0,55,3,-10.32,19.56
2025-09-13,2025,776342,FILE,SL,Slider,87.4,2423.0,0.12,0.25,0.21,1.72,3.22,1.5,L,1,2,hit_into_play,single,8.0,55,4,1.44,3.0
2025-09-13,2025,776342,FILE,SI,Sinker,96.5,2330.0,-1.04,1.44,-0.23,2.93,3.14,1.59,L,0,0,swinging_strike,,2.0,56,1,-12.48,17.28
2025-09-13,2025,776342,FILE,SI,Sinker,96.6,2255.0,-0.98,1.23,0.03,3.43,3.14,1.59,L,0,1,foul,,12.0,56,2,-11.76,14.76
2025-09-13,2025,776342,FILE,SL,Slider,85.2,2324.0,0.15,-0.18,1.25,0.61,3.01,1.67,L,0,2,blocked_ball,,14.0,56,3,1.8,-2.16
2025-09-13,2025,776342,FILE,FF,4-Seam Fastball,96.2,2318.0,-0.92,1.61,-0.56,3.42,3.14,1.59,L,1,2,foul,,11.0,56,4,-11.04,19.32
2025-09-13,2025,776342,FILE,SL,Slider,87.0,2508.0,0.09,0.15,1.17,1.22,2.96,1.67,L,1,2,ball,,14.0,56,5,1.08,1.8
2025-09-13,2025,776342,FILE,SL,Slider,87.4,2546.0,0.17,0.04,0.95,0.03,2.9,1.61,L,2,2,blocked_ball,,14.0,56,6,2.04,0.48
2025-09-13,2025,776342,FILE,FF,4-Seam Fastball,96.5,2083.0,-0.87,1.29,-1.1,3.74,3.14,1.59,L,3,2,swinging_strike,strikeout,11.0,56,7,-10.44,15.48
2025-09-13,2025,776342,FILE,SL,Slider,88.5,2397.0,0.32,0.14,-0.43,2.55,3.62,1.7,R,0,0,hit_into_play,grounded_into_double_play,4.0,57,1,3.84,1.68
2025-09-16,2025,776302,FILE,CU,Curveball,78.3,2300.0,0.55,-1.06,0.38,0.62,3.25,1.61,L,0,0,ball,,14.0,80,1,6.6,-12.72
2025-09-16,2025,776302,FILE,CH,Changeup,86.8,1475.0,-0.69,0.53,0.4,1.85,3.2,1.56,L,1,0,called_strike,,9.0,80,2,-8.28,6.36
2025-09-16,2025,776302,FILE,FF,4-Seam Fastball,93.9,2231.0,-0.6,1.24,0.46,3.45,3.33,1.62,L,1,1,hit_into_play,single,12.0,80,3,-7.2,14.88
2025-09-16,2025,776302,FILE,SI,Sinker,95.4,2026.0,-1.18,0.75,-0.98,2.91,3.37,1.51,R,0,0,ball,,11.0,81,1,-14.16,9.0
2025-09-16,2025,776302,FILE,SI,Sinker,95.9,2125.0,-1.04,0.97,0.04,2.7,3.15,1.26,R,1,0,called_strike,,2.0,81,2,-12.48,11.64
2025-09-16,2025,776302,FILE,SI,Sinker,95.4,2204.0,-1.31,0.91,-0.8,2.83,3.4,1.55,R,1,1,ball,,4.0,81,3,-15.72,10.92
2025-09-16,2025,776302,FILE,SL,Slider,87.6,2570.0,0.2,0.13,0.59,1.56,3.46,1.6,R,2,1,foul,,9.0,81,4,2.4,1.56
2025-09-16,2025,776302,FILE,FF,4-Seam Fastball,95.3,2319.0,-0.49,1.43,0.76,4.23,3.32,1.43,R,2,2,ball,,12.0,81,5,-5.88,17.16
2025-09-16,2025,776302,FILE,SI,Sinker,96.6,2199.0,-1.18,0.91,-0.93,2.38,3.46,1.6,R,3,2,hit_into_play,field_out,13.0,81,6,-14.16,10.92
2025-09-16,2025,776302,FILE,FF,4-Seam Fastball,97.0,2476.0,-0.74,1.42,-0.44,5.01,3.23,1.43,L,0,0,ball,,11.0,82,1,-8.88,17.04
2025-09-16,2025,776302,FILE,CH,Changeup,88.2,1316.0,-1.07,0.27,-0.51,2.04,3.25,1.47,L,1,0,foul,,4.0,82,2,-12.84,3.24
2025-09-16,2025,776302,FILE,FF,4-Seam Fastball,96.2,2311.0,-0.82,1.39,-1.06,2.63,3.17,1.49,L,1,1,called_strike,,11.0,82,3,-9.84,16.68
2025-09-16,2025,776302,FILE,FF,4-Seam Fastball,96.3,2223.0,-0.69,1.27,0.73,3.64,3.25,1.47,L,1,2,foul,,12.0,82,4,-8.28,15.24
2025-09-16,2025,776302,FILE,SL,Slider,86.2,2640.0,0.31,0.03,0.83,1.46,3.25,1.47,L,1,2,hit_into_play,home_run,14.0,82,5,3.72,0.36
2025-09-16,2025,776302,FILE,SI,Sinker,97.1,2250.0,-1.24,1.04,-0.62,2.02,3.18,1.51,R,0,0,foul,,7.0,83,1,-14.88,12.48
2025-09-16,2025,776302,FILE,SL,Slider,84.8,2580.0,0.34,-0.33,0.57,1.51,3.26,1.47,R,0,1,called_strike,,9.0,83,2,4.08,-3.96
2025-09-16,2025,776302,FILE,FF,4-Seam Fastball,96.2,2312.0,-0.72,1.13,1.29,3.69,3.16,1.49,R,0,2,ball,,12.0,83,3,-8.64,13.56
2025-09-16,2025,776302,FILE,SI,Sinker,96.3,1958.0,-1.38,0.87,-1.73,1.6,3.19,1.49,R,1,2,ball,,13.0,83,4,-16.56,10.44
2025-09-16,2025,776302,FILE,SL,Slider,85.5,2523.0,0.32,-0.21,0.83,2.07,3.13,1.5,R,2,2,called_strike,strikeout,14.0,83,5,3.84,-2.52
2025-09-16,2025,776302,FILE,CU,Curveball,79.5,2152.0,1.06,-0.4,-0.09,1.85,3.16,1.32,L,0,0,called_strike,,8.0,84,1,12.72,-4.8
2025-09-16,2025,776302,FILE,CH,Changeup,88.2,1521.0,-1.22,0.22,-0.99,1.83,3.32,1.59,L,0,1,foul,,13.0,84,2,-14.64,2.64
2025-09-16,2025,776302,FILE,CU,Curveball,80.4,2281.0,0.89,-0.57,0.52,0.45,3.2,1.43,L,0,2,ball,,14.0,84,3,10.68,-6.84
2025-09-16,2025,776302,FILE,FF,4-Seam Fastball,95.7,2312.0,-0.54,1.46,0.64,1.39,3.21,1.45,L,1,2,ball,,9.0,84,4,-6.48,17.52
2025-09-16,2025,776302,FILE,CH,Changeup,86.9,1507.0,-1.19,0.42,-0.91,1.88,3.32,1.59,L,2,2,hit_into_play,field_out,13.0,84,5,-14.28,5.04
2025-09-17,2025,776289,FILE,FF,4-Seam Fastball,94.4,2328.0,-0.85,1.49,-0.03,3.6,3.45,1.48,R,0,0,called_strike,,11.0,29,1,-10.2,17.88
2025-09-17,2025,776289,FILE,SL,Slider,84.7,2366.0,0.24,0.01,1.32,2.69,3.49,1.66,R,0,1,ball,,12.0,29,2,2.88,0.12
2025-09-17,2025,776289,FILE,SL,Slider,87.7,2391.0,0.12,0.03,1.18,1.91,3.55,1.65,R,1,1,ball,,14.0,29,3,1.44,0.36
2025-09-17,2025,776289,FILE,SI,Sinker,96.2,2217.0,-1.16,1.08,-0.56,2.35,3.44,1.59,R,2,1,hit_into_play,single,4.0,29,4,-13.92,12.96
2025-09-17,2025,776289,FILE,FF,4-Seam Fastball,95.1,2164.0,-0.58,1.44,-0.13,4.25,3.29,1.57,L,0,0,ball,,11.0,30,1,-6.96,17.28
2025-09-17,2025,776289,FILE,FF,4-Seam Fastball,95.5,2159.0,-0.71,1.38,0.79,2.37,3.32,1.63,L,1,0,called_strike,,6.0,30,2,-8.52,16.56
2025-09-17,2025,776289,FILE,FF,4-Seam Fastball,95.5,2354.0,-0.6,1.54,-0.72,3.41,3.26,1.56,L,1,1,swinging_strike,,11.0,30,3,-7.2,18.48
2025-09-17,2025,776289,FILE,SL,Slider,86.9,2371.0,0.29,0.05,0.46,1.34,3.26,1.57,L,1,2,ball,,14.0,30,4,3.48,0.6
2025-09-17,2025,776289,FILE,FF,4-Seam Fastball,94.2,2119.0,-0.62,1.4,0.41,3.61,3.26,1.56,L,2,2,hit_into_play,single,12.0,30,5,-7.44,16.8
2025-09-17,2025,776289,FILE,SI,Sinker,97.8,2177.0,-1.16,1.15,-1.09,3.54,3.48,1.61,R,0,0,foul,,11.0,31,1,-13.92,13.8
2025-09-17,2025,776289,FILE,SL,Slider,85.1,2391.0,0.34,-0.02,0.63,1.98,3.65,1.81,R,0,1,called_strike,,9.0,31,2,4.08,-0.24
2025-09-17,2025,776289,FILE,SL,Slider,86.5,2439.0,0.26,0.19,1.51,1.8,3.64,1.77,R,0,2,ball,,14.0,31,3,3.12,2.28
2025-09-17,2025,776289,FILE,SI,Sinker,95.9,2266.0,-1.23,1.03,0.11,3.0,3.48,1.61,R,1,2,foul_tip,strikeout,2.0,31,4,-14.76,12.36
2025-09-21,2025,776229,FILE,CU,Curveball,78.7,2299.0,0.9,-0.71,-0.63,3.83,3.59,1.68,R,0,0,ball,,11.0,57,1,10.8,-8.52
2025-09-21,2025,776229,FILE,SI,Sinker,94.2,2189.0,-1.25,1.04,-1.71,2.77,3.59,1.68,R,1,0,ball,,11.0,57,2,-15.0,12.48
2025-09-21,2025,776229,FILE,SI,Sinker,95.0,2143.0,-1.12,1.01,-0.39,2.82,3.55,1.62,R,2,0,hit_into_play,field_out,4.0,57,3,-13.44,12.12
2025-09-21,2025,776229,FILE,FF,4-Seam Fastball,93.5,2260.0,-0.74,1.48,0.02,3.56,3.72,1.65,L,0,0,called_strike,,2.0,58,1,-8.88,17.76
2025-09-21,2025,776229,FILE,FF,4-Seam Fastball,96.1,2378.0,-0.64,1.42,0.29,3.42,3.41,1.57,L,0,1,swinging_strike,,3.0,58,2,-7.68,17.04
2025-09-21,2025,776229,FILE,FF,4-Seam Fastball,95.8,2244.0,-0.66,1.3,-0.34,4.23,3.44,1.59,L,0,2,ball,,11.0,58,3,-7.92,15.6
2025-09-21,2025,776229,FILE,FF,4-Seam Fastball,95.8,2334.0,-0.71,1.36,0.87,3.05,3.41,1.57,L,1,2,foul,,12.0,58,4,-8.52,16.32
2025-09-21,2025,776229,FILE,FF,4-Seam Fastball,96.3,2427.0,-0.84,1.49,0.52,2.77,3.41,1.57,L,1,2,foul,,6.0,58,5,-10.08,17.88
2025-09-21,2025,776229,FILE,SL,Slider,85.2,2491.0,0.23,-0.07,0.71,1.26,3.4,1.61,L,1,2,ball,,14.0,58,6,2.76,-0.84
2025-09-21,2025,776229,FILE,CH,Changeup,87.8,1318.0,-1.34,0.36,-1.41,1.54,3.41,1.57,L,2,2,hit_into_play,field_out,13.0,58,7,-16.08,4.32
2025-09-21,2025,776229,FILE,SL,Slider,85.9,2311.0,0.15,-0.04,1.04,1.31,3.67,1.65,R,0,0,swinging_strike,,14.0,59,1,1.8,-0.48
2025-09-21,2025,776229,FILE,SI,Sinker,96.4,2244.0,-1.15,1.17,-0.27,1.96,3.67,1.65,R,0,1,hit_into_play,single,8.0,59,2,-13.8,14.04
2025-09-21,2025,776229,FILE,FF,4-Seam Fastball,95.3,2334.0,-0.71,1.27,1.32,3.68,3.75,1.68,L,0,0,ball,,12.0,60,1,-8.52,15.24
2025-09-21,2025,776229,FILE,CU,Curveball,80.7,2209.0,0.88,-0.62,-1.75,2.55,3.66,1.68,L,1,0,ball,,13.0,60,2,10.56,-7.44
2025-09-21,2025,776229,FILE,FF,4-Seam Fastball,95.1,2298.0,-0.55,1.34,1.07,4.02,3.7,1.71,L,2,0,swinging_strike,,12.0,60,3,-6.6,16.08
2025-09-21,2025,776229,FILE,CU,Curveball,82.5,2409.0,0.75,-0.18,0.64,0.71,3.66,1.66,L,2,1,ball,truncated_pa,14.0,60,4,9.0,-2.16
2025-09-24,2025,776197,FILE,CU,Curveball,82.5,2436.0,0.32,-0.56,-0.93,4.0,3.59,1.74,R,0,0,ball,,11.0,53,1,3.84,-6.72
2025-09-24,2025,776197,FILE,SL,Slider,84.0,2470.0,0.35,0.0,0.31,1.94,3.62,1.74,R,1,0,swinging_strike,,9.0,53,2,4.2,0.0
2025-09-24,2025,776197,FILE,SI,Sinker,94.7,2161.0,-1.31,0.94,-0.85,1.59,3.62,1.74,R,1,1,foul,,13.0,53,3,-15.72,11.28
2025-09-24,2025,776197,FILE,SL,Slider,82.8,2408.0,0.16,-0.09,1.53,0.56,3.65,1.86,R,1,2,ball,,14.0,53,4,1.92,-1.08
2025-09-24,2025,776197,FILE,FF,4-Seam Fastball,94.2,2274.0,-0.86,1.46,0.05,2.7,3.62,1.74,R,2,2,swinging_strike,strikeout,5.0,53,5,-10.32,17.52
2025-09-24,2025,776197,FILE,CU,Curveball,80.2,2398.0,0.75,-0.38,0.93,2.54,3.6,1.79,L,0,0,ball,,14.0,54,1,9.0,-4.56
2025-09-24,2025,776197,FILE,FF,4-Seam Fastball,95.2,2269.0,-0.64,1.44,-0.9,4.53,3.54,1.73,L,1,0,ball,,11.0,54,2,-7.68,17.28
2025-09-24,2025,776197,FILE,FF,4-Seam Fastball,94.2,2373.0,-0.69,1.62,-0.39,2.78,3.57,1.7,L,2,0,foul,,4.0,54,3,-8.28,19.44
2025-09-24,2025,776197,FILE,CH,Changeup,87.7,1376.0,-1.04,0.45,0.03,1.05,3.63,1.79,L,2,1,ball,,14.0,54,4,-12.48,5.4
2025-09-24,2025,776197,FILE,SI,Sinker,96.8,2079.0,-1.24,1.09,-0.4,1.1,3.6,1.79,L,3,1,ball,walk,13.0,54,5,-14.88,13.08
2025-09-24,2025,776197,FILE,SI,Sinker,95.6,2266.0,-1.18,1.11,0.96,1.81,3.37,1.58,R,0,0,called_strike,,14.0,55,1,-14.16,13.32
2025-09-24,2025,776197,FILE,SL,Slider,86.4,2455.0,0.24,-0.19,0.59,2.49,3.41,1.67,R,0,1,called_strike,,6.0,55,2,2.88,-2.28
2025-09-24,2025,776197,FILE,FF,4-Seam Fastball,96.4,2377.0,-0.8,1.36,-0.02,3.28,3.41,1.64,R,0,2,called_strike,strikeout,2.0,55,3,-9.6,16.32
2025-09-24,2025,776197,FILE,CH,Changeup,88.9,1369.0,-1.02,0.46,0.26,0.51,3.38,1.57,L,0,0,blocked_ball,,14.0,56,1,-12.24,5.52
2025-09-24,2025,776197,FILE,CH,Changeup,88.1,1471.0,-0.79,0.53,-0.04,2.03,3.41,1.54,L,1,0,hit_into_play,double,8.0,56,2,-9.48,6.36
2025-09-24,2025,776197,FILE,SI,Sinker,96.2,1947.0,-1.18,0.87,-0.67,2.91,3.63,1.75,R,0,0,foul,,4.0,57,1,-14.16,10.44
2025-09-24,2025,776197,FILE,FF,4-Seam Fastball,95.6,2250.0,-0.73,1.49,0.55,3.59,3.63,1.75,R,0,1,swinging_strike,,3.0,57,2,-8.76,17.88
2025-09-24,2025,776197,FILE,FF,4-Seam Fastball,97.5,2279.0,-0.49,1.52,0.7,2.5,3.66,1.81,R,0,2,called_strike,strikeout,6.0,57,3,-5.88,18.24
2025-09-24,2025,776197,FILE,CU,Curveball,78.1,2269.0,1.05,-0.53,-0.3,3.51,3.18,1.49,L,0,0,ball,,11.0,61,1,12.6,-6.36
2025-09-24,2025,776197,FILE,FF,4-Seam Fastball,94.5,2355.0,-0.71,1.49,-0.04,3.3,3.15,1.46,L,1,0,swinging_strike,,11.0,61,2,-8.52,17.88
2025-09-24,2025,776197,FILE,CH,Changeup,87.0,1401.0,-1.22,0.41,-0.92,1.27,3.15,1.46,L,1,1,swinging_strike,,13.0,61,3,-14.64,4.92
2025-09-24,2025,776197,FILE,FF,4-Seam Fastball,95.3,2204.0,-0.84,1.44,-0.55,2.35,3.15,1.46,L,1,2,foul,,4.0,61,4,-10.08,17.28
2025-09-24,2025,776197,FILE,SL,Slider,84.4,2500.0,0.34,-0.18,-0.29,0.85,3.15,1.46,L,1,2,foul,,13.0,61,5,4.08,-2.16
2025-09-24,2025,776197,FILE,FF,4-Seam Fastball,95.9,2313.0,-0.49,1.39,0.37,3.48,3.15,1.46,L,1,2,foul,,12.0,61,6,-5.88,16.68
2025-09-24,2025,776197,FILE,SI,Sinker,95.6,2240.0,-1.31,0.9,-1.95,3.52,3.06,1.46,L,1,2,ball,,11.0,61,7,-15.72,10.8
2025-09-24,2025,776197,FILE,FF,4-Seam Fastball,96.3,2401.0,-0.75,1.58,0.29,3.29,3.15,1.46,L,2,2,hit_into_play,field_out,12.0,61,8,-9.0,18.96
2025-09-24,2025,776197,FILE,CU,Curveball,79.8,2227.0,1.14,-0.57,0.72,3.06,3.55,1.76,R,0,0,called_strike,,3.0,62,1,13.68,-6.84
2025-09-24,2025,776197,FILE,SL,Slider,86.4,2466.0,0.53,-0.26,0.91,2.04,3.46,1.67,R,0,1,swinging_strike,,14.0,62,2,6.36,-3.12
2025-09-24,2025,776197,FILE,FF,4-Seam Fastball,94.7,2275.0,-0.63,1.36,1.54,3.68,3.52,1.73,R,0,2,ball,,12.0,62,3,-7.56,16.32
2025-09-24,2025,776197,FILE,SI,Sinker,96.2,2000.0,-1.27,0.74,-0.39,2.81,3.46,1.67,R,1,2,foul,,4.0,62,4,-15.24,8.88
2025-09-24,2025,776197,FILE,SL,Slider,85.9,2451.0,0.23,0.18,0.81,1.41,3.46,1.67,R,1,2,swinging_strike,strikeout,14.0,62,5,2.76,2.16
2025-09-24,2025,776197,FILE,SL,Slider,86.7,2501.0,0.22,0.25,1.15,1.35,3.33,1.52,R,0,0,ball,,14.0,63,1,2.64,3.0
2025-09-24,2025,776197,FILE,SL,Slider,86.5,2538.0,0.23,0.15,0.96,0.01,3.27,1.54,R,1,0,ball,,14.0,63,2,2.76,1.8
2025-09-24,2025,776197,FILE,SI,Sinker,95.6,2198.0,-0.93,1.1,-0.02,2.6,3.36,1.55,R,2,0,foul,,5.0,63,3,-11.16,13.2
2025-09-24,2025,776197,FILE,SI,Sinker,96.5,2219.0,-1.13,1.07,-0.99,2.66,3.36,1.55,R,2,1,hit_into_play,field_out,11.0,63,4,-13.56,12.84
2025-09-26,2025,776172,FILE,CU,Curveball,79.6,2273.0,1.07,-0.44,0.37,1.87,3.21,1.46,R,0,0,hit_into_play,field_out,9.0,55,1,12.84,-5.28
2025-09-26,2025,776172,FILE,SI,Sinker,93.8,2242.0,-1.17,0.92,-0.77,1.3,3.73,1.65,L,0,0,ball,,13.0,56,1,-14.04,11.04
2025-09-26,2025,776172,FILE,CH,Changeup,86.7,1429.0,-1.03,0.5,-0.17,0.4,3.66,1.72,L,1,0,ball,,13.0,56,2,-12.36,6.0
2025-09-26,2025,776172,FILE,CH,Changeup,88.4,1674.0,-0.87,0.37,0.14,1.78,3.69,1.69,L,2,0,called_strike,,8.0,56,3,-10.44,4.44
2025-09-26,2025,776172,FILE,CU,Curveball,81.0,2490.0,1.13,-0.86,0.58,1.43,3.71,1.72,L,2,1,hit_into_play,field_out,14.0,56,4,13.56,-10.32
2025-09-26,2025,776172,FILE,CU,Curveball,80.4,2501.0,1.28,-0.76,0.3,0.97,3.49,1.63,R,0,0,ball,,14.0,57,1,15.36,-9.12
2025-09-26,2025,776172,FILE,SL,Slider,83.4,2501.0,0.36,-0.1,-0.43,1.81,3.51,1.65,R,1,0,foul,,7.0,57,2,4.32,-1.2
2025-09-26,2025,776172,FILE,FF,4-Seam Fastball,94.5,2382.0,-0.44,1.72,-0.16,3.84,3.51,1.65,R,1,1,swinging_strike,,11.0,57,3,-5.28,20.64
2025-09-26,2025,776172,FILE,SL,Slider,83.8,2499.0,0.28,-0.12,0.5,1.03,3.6,1.67,R,1,2,ball,,14.0,57,4,3.36,-1.44
2025-09-26,2025,776172,FILE,CH,Changeup,88.5,1515.0,-0.83,0.4,0.02,1.67,3.6,1.65,R,2,2,called_strike,strikeout,8.0,57,5,-9.96,4.8
2025-09-27,2025,776154,FILE,SL,Slider,82.2,2407.0,0.19,-0.23,0.25,0.94,3.58,1.67,R,0,0,ball,,14.0,66,1,2.28,-2.76
2025-09-27,2025,776154,FILE,SI,Sinker,94.9,2292.0,-1.13,1.34,0.7,1.52,3.57,1.7,R,1,0,ball,,14.0,66,2,-13.56,16.08
2025-09-27,2025,776154,FILE,FF,4-Seam Fastball,94.1,2221.0,-1.02,1.38,0.06,1.73,3.68,1.72,R,2,0,called_strike,,8.0,66,3,-12.24,16.56
2025-09-27,2025,776154,FILE,SI,Sinker,95.5,2353.0,-1.13,1.39,-0.37,1.69,3.59,1.66,R,2,1,called_strike,,7.0,66,4,-13.56,16.68
2025-09-27,2025,776154,FILE,SL,Slider,85.4,2598.0,0.32,-0.14,1.6,0.98,3.58,1.64,R,2,2,ball,,14.0,66,5,3.84,-1.68
2025-09-27,2025,776154,FILE,SL,Slider,83.9,2592.0,0.2,-0.16,-0.53,2.84,3.52,1.65,R,3,2,hit_into_play,grounded_into_double_play,4.0,66,6,2.4,-1.92
2026-03-26,2026,823486,PHI,SI,Sinker,98.1,2252.0,-1.4,0.97,-0.5254638320932148,1.8368732456175296,3.229658793,1.62992126,R,0,0,called_strike,,7.0,49,1,-16.8,11.64
2026-03-26,2026,823486,PHI,SI,Sinker,97.4,2199.0,-1.22,1.06,-0.8808389776291521,3.651111453787984,3.229658793,1.62992126,R,0,1,hit_into_play,single,11.0,49,2,-14.64,12.72
2026-03-26,2026,823486,PHI,FF,4-Seam Fastball,97.8,2296.0,-0.67,1.5,-0.5558174219298772,2.329596350116702,3.23667979,1.633464567,L,0,0,swinging_strike,,4.0,50,1,-8.04,18.0
2026-03-26,2026,823486,PHI,FF,4-Seam Fastball,98.5,2297.0,-0.52,1.56,0.0074329554490863,3.0772788490180814,3.23667979,1.633464567,L,0,1,hit_into_play,field_out,2.0,50,2,-6.24,18.72
2026-03-26,2026,823486,PHI,ST,Sweeper,85.4,2434.0,1.12,0.11,0.8692864868057255,3.401199934065887,3.26300853,1.646751969,R,0,0,ball,,12.0,51,1,13.44,1.32
2026-03-26,2026,823486,PHI,SI,Sinker,98.5,2356.0,-1.49,0.96,-0.8296288310643223,2.616474223874705,3.26300853,1.646751969,R,1,0,hit_into_play,force_out,11.0,51,2,-17.88,11.52
2026-03-26,2026,823486,PHI,FF,4-Seam Fastball,98.2,2106.0,-0.75,1.24,1.097296410397897,1.9949942639512317,3.068175853,1.548425197,L,0,0,ball,,14.0,52,1,-9.0,14.88
2026-03-26,2026,823486,PHI,FF,4-Seam Fastball,97.3,1919.0,-0.64,1.18,-0.1458549492919356,2.0643345817339185,3.068175853,1.548425197,L,1,0,hit_into_play,field_out,5.0,52,2,-7.68,14.16
2026-03-30,2026,823484,PHI,FF,4-Seam Fastball,97.0,2460.0,-0.47,1.58,-0.7534311514188977,3.251011805530918,3.370956365,1.701230315,R,0,0,called_strike,,1.0,44,1,-5.64,18.96
2026-03-30,2026,823484,PHI,ST,Sweeper,85.7,2671.0,1.02,0.04,0.8884215640914854,1.286335419840158,3.370956365,1.701230315,R,0,1,swinging_strike,,14.0,44,2,12.24,0.48
2026-03-30,2026,823484,PHI,ST,Sweeper,87.5,2663.0,0.8,0.5,2.7267504084097176,0.0543685176901034,3.370956365,1.701230315,R,0,2,blocked_ball,,14.0,44,3,9.6,6.0
2026-03-30,2026,823484,PHI,FF,4-Seam Fastball,97.4,2518.0,-0.85,1.49,-0.3549169129317344,4.237967493382458,3.370956365,1.701230315,R,1,2,swinging_strike,strikeout,11.0,44,4,-10.2,17.88
2026-03-30,2026,823484,PHI,CH,Changeup,88.9,1453.0,-1.15,0.31,-0.4315923828149413,2.4996351184151475,3.180511811,1.60511811,L,0,0,hit_into_play,double,4.0,52,1,-13.8,3.72
2026-03-30,2026,823484,PHI,CU,Curveball,78.6,2252.0,0.85,-0.6,-0.7561221643800916,2.938272325879895,3.222637795,1.626377953,L,0,0,foul,,1.0,53,1,10.2,-7.2
2026-03-30,2026,823484,PHI,FF,4-Seam Fastball,95.8,2583.0,-0.6,1.65,1.242898840049697,2.4514904830329978,3.222637795,1.626377953,L,0,1,swinging_strike,,12.0,53,2,-7.2,19.8
2026-03-30,2026,823484,PHI,FF,4-Seam Fastball,97.0,2308.0,-0.65,1.58,0.6797000362045469,4.655790377515777,3.222637795,1.626377953,L,0,2,ball,,12.0,53,3,-7.8,18.96
2026-03-30,2026,823484,PHI,SL,Slider,86.1,2503.0,0.21,-0.1,0.7191685726638107,1.2746143607624822,3.222637795,1.626377953,L,1,2,ball,,14.0,53,4,2.52,-1.2
2026-03-30,2026,823484,PHI,SL,Slider,87.0,2601.0,0.22,0.02,-0.0321917201669802,1.2896291718868036,3.222637795,1.626377953,L,2,2,hit_into_play,field_error,13.0,53,5,2.64,0.24
2026-03-30,2026,823484,PHI,FF,4-Seam Fastball,96.8,2455.0,-0.73,1.6,0.1274852056895012,3.050282097178204,3.211228675,1.620620079,L,0,0,foul,,2.0,54,1,-8.76,19.2
2026-03-30,2026,823484,PHI,FF,4-Seam Fastball,97.5,2363.0,-0.68,1.63,0.1217461545667801,4.728137069330948,3.211228675,1.620620079,L,0,1,ball,,12.0,54,2,-8.16,19.56
2026-03-30,2026,823484,PHI,CU,Curveball,82.4,2256.0,0.49,-0.74,0.4725379994020258,0.3322206779598771,3.211228675,1.620620079,L,1,1,blocked_ball,,14.0,54,3,5.88,-8.88
2026-03-30,2026,823484,PHI,CH,Changeup,88.1,1456.0,-0.39,0.78,-0.9632695695658504,5.081602972281712,3.211228675,1.620620079,L,2,1,ball,,11.0,54,4,-4.68,9.36
2026-03-30,2026,823484,PHI,FF,4-Seam Fastball,98.0,2208.0,-0.46,1.49,0.5940464024784685,2.3175619421241587,3.211228675,1.620620079,L,3,1,foul,,6.0,54,5,-5.52,17.88
2026-03-30,2026,823484,PHI,FF,4-Seam Fastball,98.7,2329.0,-0.56,1.54,0.9214473694756286,3.2494110895871886,3.211228675,1.620620079,L,3,2,hit_into_play,double_play,12.0,54,6,-6.72,18.48
2026-03-30,2026,823484,PHI,FF,4-Seam Fastball,97.6,2342.0,-0.41,1.49,1.0845676085225722,4.056630674586535,3.140141076,1.584744095,L,0,0,ball,,12.0,55,1,-4.92,17.88
2026-03-30,2026,823484,PHI,FF,4-Seam Fastball,97.9,2377.0,-0.72,1.38,0.9860919654229456,2.144806715382578,3.140141076,1.584744095,L,1,0,foul_tip,,14.0,55,2,-8.64,16.56
2026-03-30,2026,823484,PHI,CH,Changeup,90.5,1529.0,-1.16,0.15,-1.0326665476884946,1.807566770060287,3.140141076,1.584744095,L,1,1,ball,,13.0,55,3,-13.92,1.8
2026-03-30,2026,823484,PHI,SL,Slider,89.1,2656.0,0.37,0.14,-0.851951061649134,1.4787110055348842,3.140141076,1.584744095,L,2,1,ball,,13.0,55,4,4.44,1.68
2026-03-30,2026,823484,PHI,FF,4-Seam Fastball,97.4,2454.0,-0.52,1.61,0.0822127449506006,3.213235938790474,3.140141076,1.584744095,L,3,1,swinging_strike,,2.0,55,5,-6.24,19.32
2026-03-30,2026,823484,PHI,FF,4-Seam Fastball,98.9,2447.0,-0.68,1.44,0.7869894988245304,2.5657290341520467,3.140141076,1.584744095,L,3,2,hit_into_play,single,6.0,55,6,-8.16,17.28
2026-03-30,2026,823484,PHI,SL,Slider,85.0,2510.0,0.35,0.01,-0.8526711598542172,2.6252622210351184,3.060277231,1.544438976,L,0,0,foul,,11.0,56,1,4.2,0.12
2026-03-30,2026,823484,PHI,CH,Changeup,89.8,1655.0,-0.91,0.59,0.0062970774016641,2.2283147098574734,3.060277231,1.544438976,L,0,1,hit_into_play,single,5.0,56,2,-10.92,7.08
2026-03-30,2026,823484,PHI,ST,Sweeper,84.5,2432.0,1.22,0.16,0.4803635922249213,2.6874131918327224,3.38324311,1.707431102,R,0,0,called_strike,,6.0,57,1,14.64,1.92
2026-03-30,2026,823484,PHI,ST,Sweeper,86.0,2411.0,1.11,0.41,1.913536748436584,1.8764128972341725,3.38324311,1.707431102,R,0,1,ball,truncated_pa,14.0,57,2,13.32,4.92
2026-04-01,2026,823483,PHI,FF,4-Seam Fastball,96.8,2338.0,-0.63,1.3,-0.6523167152749154,4.11665039508469,3.045357612,1.536909449,L,0,0,ball,,11.0,47,1,-7.56,15.6
2026-04-01,2026,823483,PHI,SL,Slider,84.6,2322.0,0.12,0.26,-0.1425959457735659,3.054914118144588,3.045357612,1.536909449,L,1,0,called_strike,,2.0,47,2,1.44,3.12
2026-04-01,2026,823483,PHI,CH,Changeup,88.2,1462.0,-1.3,0.5,-0.1573581199982077,2.299964563236434,3.045357612,1.536909449,L,1,1,hit_into_play,field_out,5.0,47,3,-15.6,6.0
2026-04-01,2026,823483,PHI,ST,Sweeper,82.9,2333.0,1.55,-0.06,-0.2538731637679847,3.6937723211418927,3.187532808,1.608661417,R,0,0,ball,,11.0,48,1,18.6,-0.72
2026-04-01,2026,823483,PHI,SI,Sinker,96.6,2052.0,-1.28,0.75,-1.0538987837687723,2.6931373032115022,3.187532808,1.608661417,R,1,0,hit_into_play,single,11.0,48,2,-15.36,9.0
2026-04-01,2026,823483,PHI,CH,Changeup,88.5,1480.0,-0.79,0.75,0.270193701950253,2.6725732306025263,3.211228675,1.620620079,L,0,0,foul,,5.0,49,1,-9.48,9.0
2026-04-01,2026,823483,PHI,FF,4-Seam Fastball,96.9,2461.0,-1.03,1.5,0.970448113164914,3.307266992448592,3.211228675,1.620620079,L,0,1,ball,,12.0,49,2,-12.36,18.0
2026-04-01,2026,823483,PHI,FF,4-Seam Fastball,96.7,2403.0,-1.26,1.31,-0.2132672372182786,1.806957134477564,3.211228675,1.620620079,L,1,1,called_strike,,8.0,49,3,-15.12,15.72
2026-04-01,2026,823483,PHI,FF,4-Seam Fastball,96.7,2267.0,-1.2,1.09,-1.0312990370880035,3.595562922604711,3.211228675,1.620620079,L,1,2,ball,,11.0,49,4,-14.4,13.08
2026-04-01,2026,823483,PHI,SL,Slider,86.8,2557.0,0.08,0.08,1.787484714914596,0.7289597030857102,3.211228675,1.620620079,L,2,2,ball,,14.0,49,5,0.96,0.96
2026-04-01,2026,823483,PHI,FF,4-Seam Fastball,98.5,2362.0,-0.87,1.43,0.2770271303306537,3.426520472425115,3.211228675,1.620620079,L,3,2,foul,,12.0,49,6,-10.44,17.16
2026-04-01,2026,823483,PHI,CH,Changeup,89.3,1484.0,-0.76,0.87,0.4258964484950492,2.468854791442328,3.211228675,1.620620079,L,3,2,hit_into_play,single,6.0,49,7,-9.12,10.44
2026-04-01,2026,823483,PHI,FF,4-Seam Fastball,98.5,2552.0,-0.9,1.67,0.0357800693420274,2.5414670672979427,3.488558071,1.760580709,L,0,0,called_strike,,5.0,50,1,-10.8,20.04
2026-04-01,2026,823483,PHI,FF,4-Seam Fastball,97.2,2463.0,-0.91,1.77,-0.1958594137994147,3.4447942813653447,3.488558071,1.760580709,L,0,1,foul,,2.0,50,2,-10.92,21.24
2026-04-01,2026,823483,PHI,SL,Slider,83.3,2400.0,0.18,-0.31,0.190142149861222,1.0738950498787505,3.488558071,1.760580709,L,0,2,ball,,14.0,50,3,2.16,-3.72
2026-04-01,2026,823483,PHI,FF,4-Seam Fastball,96.7,2352.0,-0.85,1.52,-0.9472103902119128,4.160240302542671,3.488558071,1.760580709,L,1,2,ball,,11.0,50,4,-10.2,18.24
2026-04-01,2026,823483,PHI,FF,4-Seam Fastball,97.5,2329.0,-0.88,1.58,-0.5911174104296708,1.7384988499562528,3.488558071,1.760580709,L,2,2,called_strike,strikeout,7.0,50,5,-10.56,18.96
2026-04-06,2026,823237,PHI,ST,Sweeper,83.8,2644.0,0.88,0.0,1.0064710885892048,1.265079376973083,3.400795604,1.71628937,R,0,0,ball,,14.0,51,1,10.56,0.0
2026-04-06,2026,823237,PHI,SI,Sinker,96.4,2431.0,-1.17,1.18,-0.2826483995775797,2.1673410666660384,3.400795604,1.71628937,R,1,0,called_strike,,7.0,51,2,-14.04,14.16
2026-04-06,2026,823237,PHI,SI,Sinker,96.7,2385.0,-1.11,1.11,0.6078392650966473,2.264861688622955,3.400795604,1.71628937,R,1,1,called_strike,,6.0,51,3,-13.32,13.32
2026-04-06,2026,823237,PHI,FF,4-Seam Fastball,96.1,2451.0,-0.64,1.64,-0.3426756060647578,4.713097432061034,3.400795604,1.71628937,R,1,2,ball,,11.0,51,4,-7.68,19.68
2026-04-06,2026,823237,PHI,ST,Sweeper,86.4,2699.0,1.23,-0.15,1.6856573840664308,1.263799213327636,3.400795604,1.71628937,R,2,2,ball,,14.0,51,5,14.76,-1.8
2026-04-06,2026,823237,PHI,ST,Sweeper,84.9,2629.0,1.05,0.13,0.9929761352803156,0.8987464310890831,3.400795604,1.71628937,R,3,2,swinging_strike,strikeout,14.0,51,6,12.6,1.56
2026-04-06,2026,823237,PHI,FF,4-Seam Fastball,97.3,2516.0,-0.78,1.43,1.572837070609495,1.3383039410776498,3.161204068,1.595374016,R,0,0,ball,,14.0,52,1,-9.36,17.16
2026-04-06,2026,823237,PHI,FF,4-Seam Fastball,97.3,2469.0,-0.66,1.71,0.5530637926295878,2.918862328262234,3.161204068,1.595374016,R,1,0,called_strike,,3.0,52,2,-7.92,20.52
2026-04-06,2026,823237,PHI,SI,Sinker,97.7,2406.0,-1.36,1.16,-0.9004208022607434,1.9226510629726337,3.161204068,1.595374016,R,1,1,ball,,13.0,52,3,-16.32,13.92
2026-04-06,2026,823237,PHI,FF,4-Seam Fastball,98.3,2401.0,-0.87,1.6,-0.2980150866412229,2.861160059962451,3.161204068,1.595374016,R,2,1,swinging_strike,,1.0,52,4,-10.44,19.2
2026-04-06,2026,823237,PHI,FF,4-Seam Fastball,98.4,2548.0,-0.92,1.47,0.2767415115865499,2.776608334366777,3.161204068,1.595374016,R,2,2,foul,,3.0,52,5,-11.04,17.64
2026-04-06,2026,823237,PHI,FF,4-Seam Fastball,97.4,2489.0,-0.7,1.52,0.7902455917643771,4.468569427366559,3.161204068,1.595374016,R,2,2,ball,,12.0,52,6,-8.4,18.24
2026-04-06,2026,823237,PHI,CH,Changeup,91.4,1491.0,-1.27,0.05,-1.099619320034485,1.6446144237592208,3.161204068,1.595374016,R,3,2,swinging_strike,strikeout,13.0,52,7,-15.24,0.6
2026-04-06,2026,823237,PHI,FF,4-Seam Fastball,97.5,2257.0,-0.43,1.53,-1.096034938205062,3.867150763928631,3.22351542,1.626820866,L,0,0,ball,,11.0,53,1,-5.16,18.36
2026-04-06,2026,823237,PHI,CH,Changeup,90.3,1527.0,-1.31,0.14,0.0004607009699273,1.670839468018123,3.22351542,1.626820866,L,1,0,hit_into_play,field_out,8.0,53,2,-15.72,1.68
2026-04-08,2026,823234,PHI,SI,Sinker,96.5,2314.0,-1.4,1.17,-0.41346791275504,3.1043820415772214,3.400795604,1.71628937,R,0,0,called_strike,,1.0,54,1,-16.8,14.04
2026-04-08,2026,823234,PHI,SI,Sinker,96.6,2344.0,-1.15,1.07,-0.8506825815402965,3.634692308320649,3.400795604,1.71628937,R,0,1,foul,,11.0,54,2,-13.8,12.84
2026-04-08,2026,823234,PHI,ST,Sweeper,82.5,2598.0,1.47,-0.24,-0.5515088018152914,2.8988759166048346,3.400795604,1.71628937,R,0,2,hit_into_play,field_out,1.0,54,3,17.64,-2.88
2026-04-08,2026,823234,PHI,FF,4-Seam Fastball,96.9,2388.0,-0.74,1.3,0.8145552786164199,3.502326007727381,3.161204068,1.595374016,R,0,0,ball,,12.0,55,1,-8.88,15.6
2026-04-08,2026,823234,PHI,FF,4-Seam Fastball,97.5,2421.0,-0.65,1.2,0.2605342021276944,3.340372459323149,3.161204068,1.595374016,R,1,0,foul,,12.0,55,2,-7.8,14.4
2026-04-08,2026,823234,PHI,SI,Sinker,97.7,2330.0,-1.09,0.94,0.2127077334938536,2.6959442678799506,3.161204068,1.595374016,R,1,1,foul,,2.0,55,3,-13.08,11.28
2026-04-08,2026,823234,PHI,FF,4-Seam Fastball,97.9,2491.0,-0.63,1.45,1.343619918792872,3.070326975729414,3.161204068,1.595374016,R,1,2,ball,,12.0,55,4,-7.56,17.4
2026-04-08,2026,823234,PHI,CH,Changeup,92.3,1603.0,-1.07,0.58,0.3624469634688283,1.220907364671443,3.161204068,1.595374016,R,2,2,ball,,14.0,55,5,-12.84,6.96
2026-04-08,2026,823234,PHI,SI,Sinker,97.9,2394.0,-1.15,1.25,0.3569185579718978,2.0439846026647617,3.161204068,1.595374016,R,3,2,called_strike,strikeout,9.0,55,6,-13.8,15.0
2026-04-08,2026,823234,PHI,SL,Slider,87.9,2447.0,0.18,0.07,0.7039300852902293,1.4726628795752537,3.22351542,1.626820866,L,0,0,swinging_strike,,14.0,56,1,2.16,0.84
2026-04-08,2026,823234,PHI,CH,Changeup,91.3,1542.0,-1.18,0.44,-0.3403715318353781,1.257323552092462,3.22351542,1.626820866,L,0,1,ball,,13.0,56,2,-14.16,5.28
2026-04-08,2026,823234,PHI,FF,4-Seam Fastball,99.1,2482.0,-0.48,1.63,0.5510183635342193,2.1887765862665254,3.22351542,1.626820866,L,1,1,foul,,6.0,56,3,-5.76,19.56
2026-04-08,2026,823234,PHI,SL,Slider,87.3,2524.0,0.31,-0.05,0.0681027073550173,1.6342619295066156,3.22351542,1.626820866,L,1,2,hit_into_play,single,8.0,56,4,3.72,-0.6
2026-04-08,2026,823234,PHI,FF,4-Seam Fastball,97.6,2350.0,-0.45,1.37,0.907858558419306,3.5444371037865348,3.254232283,1.642322835,R,0,0,ball,,12.0,57,1,-5.4,16.44
2026-04-08,2026,823234,PHI,SI,Sinker,97.3,2351.0,-1.28,1.0,-0.8131380508696897,3.36431079829571,3.254232283,1.642322835,R,1,0,swinging_strike,,11.0,57,2,-15.36,12.0
2026-04-08,2026,823234,PHI,SI,Sinker,98.1,2249.0,-1.17,1.09,0.1404499850199407,1.56570546076781,3.254232283,1.642322835,R,1,1,called_strike,,8.0,57,3,-14.04,13.08
2026-04-08,2026,823234,PHI,FF,4-Seam Fastball,97.5,2338.0,-0.64,1.52,-0.0542909028319731,4.337760183653497,3.254232283,1.642322835,R,1,2,ball,,11.0,57,4,-7.68,18.24
2026-04-08,2026,823234,PHI,SL,Slider,86.4,2543.0,0.33,-0.17,0.7289923461030844,1.9920881321834616,3.254232283,1.642322835,R,2,2,hit_into_play,field_out,9.0,57,5,3.96,-2.04
2026-04-10,2026,823482,PHI,ST,Sweeper,84.8,2525.0,1.13,0.13,0.838668722912,1.3241023657600457,3.277050525,1.653838583,R,0,0,ball,,14.0,43,1,13.56,1.56
2026-04-10,2026,823482,PHI,FF,4-Seam Fastball,96.4,2540.0,-0.89,1.56,0.1623717425934456,2.344934603698642,3.277050525,1.653838583,R,1,0,called_strike,,5.0,43,2,-10.68,18.72
2026-04-10,2026,823482,PHI,SI,Sinker,97.5,2432.0,-1.4,1.42,0.6594518852142424,0.8050204140653272,3.277050525,1.653838583,R,1,1,ball,,14.0,43,3,-16.8,17.04
2026-04-10,2026,823482,PHI,ST,Sweeper,84.4,2715.0,1.29,0.01,1.9839144038983785,0.1923875340852774,3.277050525,1.653838583,R,2,1,blocked_ball,,14.0,43,4,15.48,0.12
2026-04-10,2026,823482,PHI,FF,4-Seam Fastball,96.1,2383.0,-0.67,1.64,0.1240921369643843,3.0654821499222544,3.277050525,1.653838583,R,3,1,hit_into_play,field_out,2.0,43,5,-8.04,19.68
2026-04-10,2026,823482,PHI,FF,4-Seam Fastball,95.8,2371.0,-0.44,1.79,1.470546452999871,3.3126493686953813,3.351648622,1.691486221,R,0,0,ball,,12.0,47,1,-5.28,21.48
2026-04-10,2026,823482,PHI,ST,Sweeper,83.7,2462.0,1.32,-0.08,0.6901664450936926,1.732623326309188,3.351648622,1.691486221,R,1,0,called_strike,,9.0,47,2,15.84,-0.96
2026-04-10,2026,823482,PHI,SI,Sinker,97.0,2406.0,-1.31,1.05,0.0261681059692029,1.0894875656403051,3.351648622,1.691486221,R,1,1,ball,,14.0,47,3,-15.72,12.6
2026-04-10,2026,823482,PHI,FF,4-Seam Fastball,96.0,2366.0,-0.39,1.79,1.399087730260014,2.733193265216676,3.351648622,1.691486221,R,2,1,ball,,12.0,47,4,-4.68,21.48
2026-04-10,2026,823482,PHI,FF,4-Seam Fastball,95.9,2399.0,-0.42,1.89,0.9236279946965338,2.236580546752468,3.351648622,1.691486221,R,3,1,swinging_strike,,14.0,47,5,-5.04,22.68
2026-04-10,2026,823482,PHI,FF,4-Seam Fastball,97.3,2324.0,-0.39,1.7,0.2857828154026864,2.398341088151693,3.351648622,1.691486221,R,3,2,swinging_strike,strikeout,6.0,47,6,-4.68,20.4
2026-04-10,2026,823482,PHI,FF,4-Seam Fastball,97.6,2451.0,-0.66,1.64,0.4159245729510998,2.565972345535571,3.162959318,1.596259843,R,0,0,called_strike,,6.0,48,1,-7.92,19.68
2026-04-10,2026,823482,PHI,ST,Sweeper,86.7,2540.0,1.34,-0.02,0.6716373865728935,2.339324468466013,3.162959318,1.596259843,R,0,1,hit_into_play,field_out,6.0,48,2,16.08,-0.24
2026-04-10,2026,823482,PHI,CH,Changeup,92.2,1587.0,-1.01,0.51,-0.7098694677217885,2.4641874059078392,3.072563976,1.550639764,L,0,0,called_strike,,4.0,49,1,-12.12,6.12
2026-04-10,2026,823482,PHI,CU,Curveball,83.3,2631.0,0.32,-1.29,-1.402468236796258,0.2920919159341073,3.072563976,1.550639764,L,0,1,ball,,13.0,49,2,3.84,-15.48
2026-04-10,2026,823482,PHI,FF,4-Seam Fastball,96.3,2335.0,-0.91,1.57,-0.6078728490668343,3.2634329231972377,3.072563976,1.550639764,L,1,1,foul,,11.0,49,3,-10.92,18.84
2026-04-10,2026,823482,PHI,CH,Changeup,91.7,1684.0,-1.04,0.35,-1.0815910550251626,2.627823776666594,3.072563976,1.550639764,L,1,2,foul,,11.0,49,4,-12.48,4.2
2026-04-10,2026,823482,PHI,SL,Slider,87.2,2343.0,0.24,-0.05,0.3589794744654463,2.6578026988693835,3.072563976,1.550639764,L,1,2,foul,,3.0,49,5,2.88,-0.6
2026-04-10,2026,823482,PHI,FF,4-Seam Fastball,97.5,2389.0,-0.45,1.75,0.8571613364845627,3.377813106207828,3.072563976,1.550639764,L,1,2,hit_into_play,field_out,12.0,49,6,-5.4,21.0
2026-04-12,2026,823479,PHI,SL,Slider,84.4,2276.0,0.25,-0.29,-0.4672385329124296,3.3293852817424545,3.218249672,1.624163386,L,0,0,swinging_strike,,1.0,61,1,3.0,-3.48
2026-04-12,2026,823479,PHI,CH,Changeup,89.3,1544.0,-1.27,0.13,-0.7842008562648577,1.6252735103860685,3.218249672,1.624163386,L,0,1,ball,,7.0,61,2,-15.24,1.56
2026-04-12,2026,823479,PHI,FF,4-Seam Fastball,96.2,2348.0,-0.74,1.58,1.742550968300833,1.9244326347039409,3.218249672,1.624163386,L,1,1,ball,,14.0,61,3,-8.88,18.96
2026-04-12,2026,823479,PHI,SL,Slider,85.6,2307.0,0.29,-0.21,-1.1305584306511722,1.3201163249866,3.218249672,1.624163386,L,2,1,ball,,13.0,61,4,3.48,-2.52
2026-04-12,2026,823479,PHI,CH,Changeup,91.0,1509.0,-1.37,0.1,-1.8460906868326783,2.386524570511838,3.218249672,1.624163386,L,3,1,ball,walk,13.0,61,5,-16.44,1.2
2026-04-12,2026,823479,PHI,SI,Sinker,96.8,2107.0,-1.31,0.94,-0.3846994776133352,3.0331893829318872,3.090994095,1.559940945,L,0,0,foul,,1.0,62,1,-15.72,11.28
2026-04-12,2026,823479,PHI,FF,4-Seam Fastball,96.5,2330.0,-0.84,1.56,0.004829644758368,2.882658181279317,3.090994095,1.559940945,L,0,1,swinging_strike,,2.0,62,2,-10.08,18.72
2026-04-12,2026,823479,PHI,FF,4-Seam Fastball,98.0,2360.0,-0.65,1.39,0.7802158059647513,4.237551088765348,3.090994095,1.559940945,L,0,2,ball,,12.0,62,3,-7.8,16.68
2026-04-12,2026,823479,PHI,CU,Curveball,84.5,2671.0,0.71,-0.87,0.211776246098607,1.1471779492189405,3.090994095,1.559940945,L,1,2,hit_into_play,single,14.0,62,4,8.52,-10.44
2026-04-12,2026,823479,PHI,SI,Sinker,97.8,2218.0,-1.59,1.17,-0.298451734945991,2.394980630087444,3.280561024,1.655610236,R,0,0,called_strike,,4.0,63,1,-19.08,14.04
2026-04-12,2026,823479,PHI,SI,Sinker,98.3,2072.0,-1.6,0.89,-0.8040794906125868,1.9521369342222488,3.280561024,1.655610236,R,0,1,called_strike,,7.0,63,2,-19.2,10.68
2026-04-12,2026,823479,PHI,SI,Sinker,98.7,1968.0,-1.56,0.87,-1.0861376154039002,2.7733942007489496,3.280561024,1.655610236,R,0,2,foul,,11.0,63,3,-18.72,10.44
2026-04-12,2026,823479,PHI,SL,Slider,87.7,2527.0,0.36,-0.06,1.678914169806601,0.7120736401357233,3.280561024,1.655610236,R,0,2,swinging_strike,strikeout,14.0,63,4,4.32,-0.72
2026-04-12,2026,823479,PHI,CH,Changeup,91.0,1268.0,-1.17,0.51,0.3383704194605927,1.1230607530519725,3.072563976,1.550639764,L,0,0,ball,,14.0,64,1,-14.04,6.12
2026-04-12,2026,823479,PHI,SL,Slider,84.2,2446.0,0.25,-0.24,-0.3721901278975388,2.862772175692771,3.072563976,1.550639764,L,1,0,swinging_strike,,1.0,64,2,3.0,-2.88
2026-04-12,2026,823479,PHI,CH,Changeup,91.2,1406.0,-0.88,0.31,-0.7156010888112264,2.3499253985921587,3.072563976,1.550639764,L,1,1,foul,,4.0,64,3,-10.56,3.72
2026-04-12,2026,823479,PHI,FF,4-Seam Fastball,98.1,2436.0,-1.04,1.54,-0.5551739538527976,3.846307560193307,3.072563976,1.550639764,L,1,2,foul,,11.0,64,4,-12.48,18.48
2026-04-12,2026,823479,PHI,SL,Slider,86.3,2540.0,0.18,-0.38,-0.2221224997213688,0.8856239351786521,3.072563976,1.550639764,L,1,2,swinging_strike,strikeout,13.0,64,5,2.16,-4.56
2026-04-30,2026,823471,PHI,FF,4-Seam Fastball,95.1,2430.0,-0.97,1.77,-0.650413664611806,3.3341287974851186,3.124343832,1.576771654,L,0,0,called_strike,,11.0,37,1,-11.64,21.24
2026-04-30,2026,823471,PHI,CH,Changeup,89.3,1720.0,-1.3,0.35,-0.9628890935548248,2.4101908878076754,3.124343832,1.576771654,L,0,1,ball,,11.0,37,2,-15.6,4.2
2026-04-30,2026,823471,PHI,CH,Changeup,89.6,1594.0,-1.35,0.0,-0.5246128453642485,1.7259647127109905,3.124343832,1.576771654,L,1,1,hit_into_play,field_out,7.0,37,3,-16.2,0.0
2026-04-30,2026,823471,PHI,ST,Sweeper,84.2,2594.0,1.18,-0.23,0.2255715276884874,3.0108090381391825,3.196309055,1.613090551,R,0,0,called_strike,,2.0,38,1,14.16,-2.76
2026-04-30,2026,823471,PHI,SI,Sinker,97.1,2284.0,-1.37,1.27,-1.3542490617168603,2.934655298303116,3.196309055,1.613090551,R,0,1,foul,,11.0,38,2,-16.44,15.24
2026-04-30,2026,823471,PHI,ST,Sweeper,85.7,2300.0,1.28,-0.05,1.2199781640320764,1.7314480796731733,3.196309055,1.613090551,R,0,2,ball,,14.0,38,3,15.36,-0.6
2026-04-30,2026,823471,PHI,SL,Slider,85.7,2461.0,0.33,-0.11,0.5716069669524714,1.876531275414636,3.196309055,1.613090551,R,1,2,hit_into_play,triple,9.0,38,4,3.96,-1.32
2026-04-30,2026,823471,PHI,FF,4-Seam Fastball,97.6,2483.0,-1.07,1.46,-1.1852701524645344,4.452384542609906,3.217372047,1.623720472,L,0,0,ball,,11.0,39,1,-12.84,17.52
2026-04-30,2026,823471,PHI,SL,Slider,87.7,2511.0,0.06,-0.35,0.4304007460664991,1.2660712113206962,3.217372047,1.623720472,L,1,0,hit_into_play,sac_fly,14.0,39,2,0.72,-4.2
2026-04-30,2026,823471,PHI,SI,Sinker,97.6,2371.0,-1.37,1.2,-0.6995717870090048,3.290383621782253,3.22351542,1.626820866,R,0,0,foul,,1.0,40,1,-16.44,14.4
2026-04-30,2026,823471,PHI,SL,Slider,87.0,2515.0,0.19,0.06,0.6512563683676432,3.3010149912448936,3.22351542,1.626820866,R,0,1,ball,,3.0,40,2,2.28,0.72
2026-04-30,2026,823471,PHI,ST,Sweeper,84.4,2723.0,1.18,-0.34,0.3285729671348814,1.5585867619089049,3.22351542,1.626820866,R,1,1,foul,,9.0,40,3,14.16,-4.08
2026-04-30,2026,823471,PHI,ST,Sweeper,85.7,2616.0,1.34,0.01,1.7787988540075024,2.3537280843421757,3.22351542,1.626820866,R,1,2,ball,,14.0,40,4,16.08,0.12
2026-04-30,2026,823471,PHI,ST,Sweeper,85.4,2656.0,1.09,-0.19,1.5139065612954623,0.6306222901349448,3.22351542,1.626820866,R,2,2,swinging_strike,strikeout,14.0,40,5,13.08,-2.28
2026-04-30,2026,823471,PHI,FF,4-Seam Fastball,95.1,2382.0,-0.9,1.71,-1.0368509836379485,3.913955264824665,3.22351542,1.626820866,L,0,0,ball,,11.0,48,1,-10.8,20.52
2026-04-30,2026,823471,PHI,FF,4-Seam Fastball,95.8,2427.0,-1.09,1.64,-0.847643854975821,3.887867764365625,3.22351542,1.626820866,L,1,0,ball,,11.0,48,2,-13.08,19.68
2026-04-30,2026,823471,PHI,FF,4-Seam Fastball,95.3,2448.0,-0.94,1.83,0.3218600880700076,3.4858774170569875,3.22351542,1.626820866,L,2,0,called_strike,,12.0,48,3,-11.28,21.96
2026-04-30,2026,823471,PHI,SL,Slider,84.6,2650.0,0.27,-0.01,-1.1612752222604847,3.527425075798177,3.22351542,1.626820866,L,2,1,ball,,11.0,48,4,3.24,-0.12
2026-04-30,2026,823471,PHI,FF,4-Seam Fastball,94.6,2109.0,-0.88,1.52,-0.1414162414602255,4.256995955177244,3.22351542,1.626820866,L,3,1,ball,walk,11.0,48,5,-10.56,18.24
2026-04-30,2026,823471,PHI,SI,Sinker,95.6,2302.0,-1.68,1.39,-0.8788156606088555,3.860035267990057,3.104158465,1.566584646,R,0,0,foul,,11.0,49,1,-20.16,16.68
2026-04-30,2026,823471,PHI,SI,Sinker,95.9,2288.0,-1.43,1.22,0.2707643003384097,3.2100300320709074,3.104158465,1.566584646,R,0,1,called_strike,,2.0,49,2,-17.16,14.64
2026-04-30,2026,823471,PHI,ST,Sweeper,79.7,2495.0,1.33,0.22,-0.9251684267559566,5.599063132208462,3.104158465,1.566584646,R,0,2,ball,,11.0,49,3,15.96,2.64
2026-05-01,2026,823877,PHI,FF,4-Seam Fastball,95.8,2220.0,-0.73,1.51,0.4763905584952344,4.662650318150547,3.212106299,1.621062992,L,0,0,ball,,12.0,65,1,-8.76,18.12
2026-05-01,2026,823877,PHI,FF,4-Seam Fastball,96.0,2264.0,-0.69,1.5,-0.5006529191617128,2.7151280314063837,3.212106299,1.621062992,L,1,0,called_strike,,4.0,65,2,-8.28,18.0
2026-05-01,2026,823877,PHI,CU,Curveball,82.5,2556.0,0.3,-0.75,-0.5158946166368238,1.8462343894004127,3.212106299,1.621062992,L,1,1,called_strike,,7.0,65,3,3.6,-9.0
2026-05-01,2026,823877,PHI,FF,4-Seam Fastball,97.2,2226.0,-0.58,1.45,-0.2752487206187018,4.551379109379143,3.212106299,1.621062992,L,1,2,ball,,11.0,65,4,-6.96,17.4
2026-05-01,2026,823877,PHI,CH,Changeup,90.5,1544.0,-0.81,0.7,-0.5506940573421669,2.042178031276827,3.212106299,1.621062992,L,2,2,hit_into_play,single,7.0,65,5,-9.72,8.4
2026-05-01,2026,823877,PHI,CU,Curveball,82.3,2514.0,0.67,-0.82,-0.3334988810669949,1.1933571565755363,3.295480643,1.663139764,L,0,0,ball,,13.0,66,1,8.04,-9.84
2026-05-01,2026,823877,PHI,FF,4-Seam Fastball,96.9,2219.0,-0.86,1.32,-0.3286856040163607,3.332838106235508,3.295480643,1.663139764,L,1,0,swinging_strike,,1.0,66,2,-10.32,15.84
2026-05-01,2026,823877,PHI,FF,4-Seam Fastball,96.9,2294.0,-0.61,1.38,-0.2027882093961849,4.1537167450504935,3.295480643,1.663139764,L,1,1,ball,,11.0,66,3,-7.32,16.56
2026-05-01,2026,823877,PHI,CH,Changeup,89.5,1609.0,-1.06,0.44,0.6914440006027356,1.1180942778632112,3.295480643,1.663139764,L,2,1,swinging_strike,,14.0,66,4,-12.72,5.28
2026-05-01,2026,823877,PHI,FF,4-Seam Fastball,97.2,2352.0,-0.86,1.42,0.1615783016445549,2.667362736905696,3.295480643,1.663139764,L,2,2,foul,,5.0,66,5,-10.32,17.04
2026-05-01,2026,823877,PHI,CU,Curveball,81.9,2643.0,0.36,-1.2,0.3127124525808619,-0.8426491213752505,3.295480643,1.663139764,L,2,2,blocked_ball,,14.0,66,6,4.32,-14.4
2026-05-01,2026,823877,PHI,FF,4-Seam Fastball,97.2,2237.0,-0.92,1.33,-0.9132155565508489,3.209349155259537,3.295480643,1.663139764,L,3,2,foul,,11.0,66,7,-11.04,15.96
2026-05-01,2026,823877,PHI,FF,4-Seam Fastball,97.6,2412.0,-0.62,1.57,-0.1980668622872938,3.6340588569193857,3.295480643,1.663139764,L,3,2,foul,,11.0,66,8,-7.44,18.84
2026-05-01,2026,823877,PHI,CU,Curveball,83.4,2618.0,0.25,-0.86,0.4768686596297666,0.975705986351416,3.295480643,1.663139764,L,3,2,ball,walk,14.0,66,9,3.0,-10.32
2026-05-01,2026,823877,PHI,FF,4-Seam Fastball,97.6,2383.0,-0.38,1.77,0.5883414414379973,2.1585491426408567,3.136630577,1.582972441,R,0,0,called_strike,,6.0,67,1,-4.56,21.24
2026-05-01,2026,823877,PHI,ST,Sweeper,82.5,2543.0,1.59,-0.16,0.325598574448795,2.067080187994576,3.136630577,1.582972441,R,0,1,foul,,6.0,67,2,19.08,-1.92
2026-05-01,2026,823877,PHI,ST,Sweeper,83.7,2515.0,1.1,-0.36,2.2698210412052524,0.5835553121374839,3.136630577,1.582972441,R,0,2,ball,,14.0,67,3,13.2,-4.32
2026-05-01,2026,823877,PHI,ST,Sweeper,84.3,2712.0,1.68,-0.09,2.697576925773352,0.964389190318824,3.136630577,1.582972441,R,1,2,ball,,14.0,67,4,20.16,-1.08
2026-05-01,2026,823877,PHI,FF,4-Seam Fastball,97.6,2514.0,-0.54,1.52,1.2651801859676044,3.2769481277495247,3.136630577,1.582972441,R,2,2,foul,,12.0,67,5,-6.48,18.24
2026-05-01,2026,823877,PHI,ST,Sweeper,85.4,2530.0,1.37,-0.17,0.560939174028646,1.4017263906504578,3.136630577,1.582972441,R,2,2,hit_into_play,single,14.0,67,6,16.44,-2.04
2026-05-01,2026,823877,PHI,CH,Changeup,88.8,1340.0,-0.73,0.6,-0.5242940570552755,3.942686803569468,3.055011483,1.541781496,L,0,0,ball,,11.0,68,1,-8.76,7.2
2026-05-01,2026,823877,PHI,FF,4-Seam Fastball,96.0,2456.0,-0.65,1.63,0.5440137077876646,1.6059834885703683,3.055011483,1.541781496,L,1,0,called_strike,,9.0,68,2,-7.8,19.56
2026-05-01,2026,823877,PHI,CH,Changeup,88.8,1516.0,-1.18,0.3,0.4300837078540958,0.922517473628914,3.055011483,1.541781496,L,1,1,ball,,14.0,68,3,-14.16,3.6
2026-05-01,2026,823877,PHI,SL,Slider,86.0,2411.0,0.26,0.05,0.2885890439471384,1.3432283707091588,3.055011483,1.541781496,L,2,1,hit_into_play,field_out,14.0,68,4,3.12,0.6
2026-05-01,2026,823877,PHI,ST,Sweeper,82.0,2370.0,0.85,-0.43,-0.1016607547192943,1.2320536663888362,3.085728346,1.557283465,L,0,0,ball,,13.0,69,1,10.2,-5.16
2026-05-01,2026,823877,PHI,CH,Changeup,89.4,1647.0,-1.0,0.51,-0.5089227788552657,3.645357503508869,3.085728346,1.557283465,L,1,0,ball,,11.0,69,2,-12.0,6.12
2026-05-01,2026,823877,PHI,FF,4-Seam Fastball,96.8,2526.0,-0.92,1.6,-0.1423213443455375,1.9813243560193012,3.085728346,1.557283465,L,2,0,called_strike,,8.0,69,3,-11.04,19.2
2026-05-01,2026,823877,PHI,FF,4-Seam Fastball,96.3,2308.0,-0.67,1.52,-1.2289216139399533,4.4170160999244175,3.085728346,1.557283465,L,2,1,ball,,11.0,69,4,-8.04,18.24
2026-05-01,2026,823877,PHI,CH,Changeup,88.6,1493.0,-1.12,0.65,0.1019585090211296,2.3042488683390383,3.085728346,1.557283465,L,3,1,swinging_strike,,5.0,69,5,-13.44,7.8
2026-05-01,2026,823877,PHI,FF,4-Seam Fastball,97.0,2497.0,-0.68,1.68,-0.1219182992362142,2.9478596830602752,3.085728346,1.557283465,L,3,2,foul,,2.0,69,6,-8.16,20.16
2026-05-01,2026,823877,PHI,FF,4-Seam Fastball,96.1,2474.0,-0.64,1.69,0.0076511372993312,2.313963998692017,3.085728346,1.557283465,L,3,2,hit_into_play,sac_fly,5.0,69,7,-7.68,20.28
2026-05-07,2026,823467,PHI,FF,4-Seam Fastball,93.5,2118.0,-0.95,1.38,-0.3306856107073024,0.6907039895749536,3.285826772,1.658267717,L,0,0,ball,,13.0,62,1,-11.4,16.56
2026-05-07,2026,823467,PHI,FF,4-Seam Fastball,94.7,2444.0,-0.65,1.6,-0.1002263177111044,1.994663223177738,3.285826772,1.658267717,L,1,0,hit_into_play,field_out,8.0,62,2,-7.8,19.2
2026-05-07,2026,823467,PHI,FF,4-Seam Fastball,97.6,2365.0,-0.75,1.57,0.5307757996040471,2.2812314913358214,3.363935368,1.697687008,R,0,0,called_strike,,6.0,63,1,-9.0,18.84
2026-05-07,2026,823467,PHI,FF,4-Seam Fastball,97.2,2394.0,-0.82,1.5,0.1210492260911073,3.278823538817676,3.363935368,1.697687008,R,0,1,swinging_strike,,2.0,63,2,-9.84,18.0
2026-05-07,2026,823467,PHI,FF,4-Seam Fastball,98.3,2449.0,-0.77,1.58,1.6160846657791073,2.818660706495888,3.363935368,1.697687008,R,0,2,ball,,12.0,63,3,-9.24,18.96
2026-05-07,2026,823467,PHI,SL,Slider,89.4,2626.0,0.32,-0.09,1.1352529288805904,0.5184946091104101,3.363935368,1.697687008,R,1,2,ball,,14.0,63,4,3.84,-1.08
2026-05-07,2026,823467,PHI,SL,Slider,88.4,2629.0,0.37,-0.09,0.7863639159507662,1.8627676430607345,3.363935368,1.697687008,R,2,2,foul,,9.0,63,5,4.44,-1.08
2026-05-07,2026,823467,PHI,SL,Slider,88.7,2539.0,0.27,0.05,2.0818876295320927,0.3336359126068471,3.363935368,1.697687008,R,2,2,ball,,14.0,63,6,3.24,0.6
2026-05-07,2026,823467,PHI,CH,Changeup,91.5,1546.0,-0.94,0.75,0.4281050512668831,2.228970929210336,3.363935368,1.697687008,R,3,2,swinging_strike,strikeout,6.0,63,7,-11.28,9.0
2026-05-07,2026,823467,PHI,ST,Sweeper,83.8,2568.0,1.64,-0.07,1.9801175787500724,-0.9119815784853292,2.990067257,1.509005906,L,0,0,ball,,14.0,64,1,19.68,-0.84
2026-05-07,2026,823467,PHI,CH,Changeup,90.9,1862.0,-1.16,0.75,-0.186285823355268,2.1344376986658373,2.990067257,1.509005906,L,1,0,hit_into_play,field_out,5.0,64,2,-13.92,9.0
2026-05-08,2026,823466,PHI,SI,Sinker,95.8,2244.0,-1.2,1.2,-1.053248286387166,2.552795521721232,3.316543635,1.673769685,R,0,0,hit_into_play,field_out,11.0,30,1,-14.4,14.4
2026-05-08,2026,823466,PHI,ST,Sweeper,83.7,2382.0,1.3,0.18,-0.410806375481429,3.750687830152127,3.150672572,1.590059055,R,0,0,ball,,11.0,31,1,15.6,2.16
2026-05-08,2026,823466,PHI,SI,Sinker,96.8,2283.0,-1.38,1.03,-0.2469598184643238,2.046795360930777,3.150672572,1.590059055,R,1,0,foul,,8.0,31,2,-16.56,12.36
2026-05-08,2026,823466,PHI,SI,Sinker,96.5,2403.0,-1.37,1.09,-0.2421230711452433,1.9481859290061625,3.150672572,1.590059055,R,1,1,hit_into_play,grounded_into_double_play,8.0,31,3,-16.44,13.08
2026-05-08,2026,823466,PHI,FF,4-Seam Fastball,95.4,2295.0,-0.41,1.64,0.8079774897903237,3.3429742542540786,3.422736221,1.727362205,L,0,0,foul,,3.0,36,1,-4.92,19.68
2026-05-08,2026,823466,PHI,CH,Changeup,89.5,1511.0,-1.46,0.27,-1.1801134592467457,2.1106907795506986,3.422736221,1.727362205,L,0,1,ball,,13.0,36,2,-17.52,3.24
2026-05-08,2026,823466,PHI,CH,Changeup,90.1,1594.0,-1.15,0.14,-0.6799499133180547,0.914965817745026,3.422736221,1.727362205,L,1,1,swinging_strike,,13.0,36,3,-13.8,1.68
2026-05-08,2026,823466,PHI,FF,4-Seam Fastball,96.8,2355.0,-0.58,1.46,-0.6934032372478856,2.210563812469597,3.422736221,1.727362205,L,1,2,called_strike,strikeout,7.0,36,4,-6.96,17.52
2026-05-08,2026,823466,PHI,ST,Sweeper,85.9,2493.0,0.9,-0.04,0.8426840196183563,1.193618554677648,3.178756562,1.604232283,R,0,0,swinging_strike,,14.0,37,1,10.8,-0.48
2026-05-08,2026,823466,PHI,SI,Sinker,97.5,2309.0,-1.36,0.96,-1.8644001639212275,2.653055618757824,3.178756562,1.604232283,R,0,1,ball,,11.0,37,2,-16.32,11.52
2026-05-08,2026,823466,PHI,SI,Sinker,97.3,2296.0,-1.32,1.06,-2.022933105589546,2.874733263377139,3.178756562,1.604232283,R,1,1,ball,,11.0,37,3,-15.84,12.72
2026-05-08,2026,823466,PHI,FF,4-Seam Fastball,97.5,2392.0,-0.6,1.56,0.2791020797296485,2.981034084142381,3.178756562,1.604232283,R,2,1,swinging_strike,,3.0,37,4,-7.2,18.72
2026-05-08,2026,823466,PHI,ST,Sweeper,86.4,2562.0,1.45,-0.18,1.1040647787279525,1.603220739851308,3.178756562,1.604232283,R,2,2,hit_into_play,single,14.0,37,5,17.4,-2.16
2026-05-08,2026,823466,PHI,FF,4-Seam Fastball,97.1,2341.0,-0.76,1.49,-0.0172306572996525,2.930142410724492,3.349893373,1.690600394,R,0,0,foul_tip,,2.0,38,1,-9.12,17.88
2026-05-08,2026,823466,PHI,ST,Sweeper,86.0,2601.0,1.14,-0.51,2.837977200395742,0.2558433146366039,3.349893373,1.690600394,R,0,1,blocked_ball,,14.0,38,2,13.68,-6.12
2026-05-08,2026,823466,PHI,SI,Sinker,97.5,2393.0,-1.26,1.19,-0.7839975462286164,2.4282314714341333,3.349893373,1.690600394,R,1,1,hit_into_play,field_out,4.0,38,3,-15.12,14.28
2026-05-08,2026,823466,PHI,FF,4-Seam Fastball,97.9,2339.0,-0.68,1.6,-0.0595950676111107,3.759504730618188,3.203330053,1.616633858,L,0,0,swinging_strike,,11.0,39,1,-8.16,19.2
2026-05-08,2026,823466,PHI,FF,4-Seam Fastball,98.2,2279.0,-0.65,1.41,-0.4597824035117427,4.415087971799404,3.203330053,1.616633858,L,0,1,ball,,11.0,39,2,-7.8,16.92
2026-05-08,2026,823466,PHI,CH,Changeup,90.5,1648.0,-0.82,0.56,-0.2573487978384082,2.9509427741397367,3.203330053,1.616633858,L,1,1,foul,,2.0,39,3,-9.84,6.72
2026-05-08,2026,823466,PHI,FF,4-Seam Fastball,98.2,2375.0,-0.48,1.59,-0.5568846963019096,3.8549876027319714,3.203330053,1.616633858,L,1,2,ball,truncated_pa,11.0,39,4,-5.76,19.08
2026-05-10,2026,823463,PHI,FF,4-Seam Fastball,96.7,2403.0,-0.88,1.61,-0.1326546335569276,2.688127799453438,3.234924541,1.63257874,L,0,0,called_strike,,5.0,59,1,-10.56,19.32
2026-05-10,2026,823463,PHI,ST,Sweeper,85.2,2701.0,1.17,0.29,0.3607649202604367,1.6617026811759597,3.234924541,1.63257874,L,0,1,called_strike,,9.0,59,2,14.04,3.48
2026-05-10,2026,823463,PHI,CH,Changeup,91.4,1492.0,-0.96,0.64,-0.9658324147231482,1.3897850404999386,3.234924541,1.63257874,L,0,2,ball,,13.0,59,3,-11.52,7.68
2026-05-10,2026,823463,PHI,FF,4-Seam Fastball,98.0,2476.0,-0.68,1.6,-0.0788112580704074,2.1763891482776394,3.234924541,1.63257874,L,1,2,swinging_strike,strikeout,5.0,59,4,-8.16,19.2
2026-05-10,2026,823463,PHI,ST,Sweeper,85.7,2658.0,1.05,-0.43,0.2936977071586106,2.213085132252328,3.150672572,1.590059055,R,0,0,hit_into_play,field_out,6.0,60,1,12.6,-5.16
2026-05-10,2026,823463,PHI,ST,Sweeper,86.0,2515.0,0.84,0.1,1.5162549150915132,1.3784952301980835,3.178756562,1.604232283,R,0,0,ball,,14.0,61,1,10.08,1.2
2026-05-10,2026,823463,PHI,SI,Sinker,98.6,2351.0,-1.08,1.28,-0.4195795436004341,2.8490476632708965,3.178756562,1.604232283,R,1,0,foul,,1.0,61,2,-12.96,15.36
2026-05-10,2026,823463,PHI,SI,Sinker,98.8,2460.0,-1.28,1.16,-0.1597669331373792,2.1255352489439243,3.178756562,1.604232283,R,1,1,foul,,5.0,61,3,-15.36,13.92
2026-05-10,2026,823463,PHI,FF,4-Seam Fastball,98.5,2411.0,-0.57,1.46,-0.0906810020709427,3.574041318751269,3.178756562,1.604232283,R,1,2,hit_into_play,field_out,11.0,61,4,-6.84,17.52
2026-05-15,2026,823384,PHI,FF,4-Seam Fastball,95.4,2514.0,-0.49,1.61,0.9740500158943888,2.430323080405728,3.133120079,1.581200787,L,0,0,ball,,12.0,49,1,-5.88,19.32
2026-05-15,2026,823384,PHI,FF,4-Seam Fastball,96.8,2497.0,-0.49,1.62,0.1818148961188558,2.4818874579617045,3.133120079,1.581200787,L,1,0,swinging_strike,,5.0,49,2,-5.88,19.44
2026-05-15,2026,823384,PHI,FF,4-Seam Fastball,97.0,2537.0,-0.51,1.51,-0.3695676545271908,2.4559577544765947,3.133120079,1.581200787,L,1,1,called_strike,,4.0,49,3,-6.12,18.12
2026-05-15,2026,823384,PHI,FF,4-Seam Fastball,97.7,2535.0,-0.64,1.51,0.3534138501852198,1.5933472447850203,3.133120079,1.581200787,L,1,2,ball,,9.0,49,4,-7.68,18.12
2026-05-15,2026,823384,PHI,FF,4-Seam Fastball,97.5,2583.0,-0.57,1.61,1.0558118538340713,1.9007521674417245,3.133120079,1.581200787,L,2,2,foul,,14.0,49,5,-6.84,19.32
2026-05-15,2026,823384,PHI,FF,4-Seam Fastball,97.5,2580.0,-0.56,1.55,0.0451439428982962,3.9940507057810986,3.133120079,1.581200787,L,2,2,hit_into_play,single,12.0,49,6,-6.72,18.6
2026-05-15,2026,823384,PHI,FF,4-Seam Fastball,97.7,2499.0,-0.56,1.55,-1.2688838797507085,3.7728975925685,3.334973753,1.683070866,R,0,0,foul,,11.0,50,1,-6.72,18.6
2026-05-15,2026,823384,PHI,ST,Sweeper,82.6,2432.0,1.41,-0.03,0.1190880610461939,2.1628092271349724,3.334973753,1.683070866,R,0,1,swinging_strike,,8.0,50,2,16.92,-0.36
2026-05-15,2026,823384,PHI,FF,4-Seam Fastball,95.7,2490.0,-0.59,1.55,1.1483843769347235,4.14065202281712,3.334973753,1.683070866,R,0,2,ball,,12.0,50,3,-7.08,18.6
2026-05-15,2026,823384,PHI,CH,Changeup,89.2,1589.0,-0.6,0.49,1.1252818028271478,1.6581823409994725,3.334973753,1.683070866,R,1,2,ball,,14.0,50,4,-7.2,5.88
2026-05-15,2026,823384,PHI,ST,Sweeper,85.3,2677.0,1.18,-0.05,1.8197545496554388,-0.4412743372113819,3.334973753,1.683070866,R,2,2,blocked_ball,,14.0,50,5,14.16,-0.6
2026-05-15,2026,823384,PHI,CH,Changeup,89.9,1601.0,-0.92,0.52,0.5346938608538122,1.573647836125453,3.334973753,1.683070866,R,3,2,swinging_strike,strikeout,9.0,50,6,-11.04,6.24
2026-05-15,2026,823384,PHI,FF,4-Seam Fastball,97.3,2200.0,-0.61,1.44,-0.1802628787228387,2.084066408720239,3.19718668,1.613533465,L,0,0,foul,,8.0,51,1,-7.32,17.28
2026-05-15,2026,823384,PHI,CH,Changeup,90.6,1637.0,-0.74,0.56,-0.0117496860353818,2.0776042436893443,3.19718668,1.613533465,L,0,1,foul,,8.0,51,2,-8.88,6.72
2026-05-15,2026,823384,PHI,SL,Slider,86.8,2516.0,0.27,-0.14,0.7972369287839176,1.0246100329790733,3.19718668,1.613533465,L,0,2,swinging_strike,strikeout,14.0,51,3,3.24,-1.68
2026-05-15,2026,823384,PHI,SI,Sinker,98.5,2270.0,-1.1,1.14,-0.6733137815972439,2.6273452682800267,3.342872375,1.687057087,R,0,0,hit_into_play,field_error,4.0,52,1,-13.2,13.68
2026-05-15,2026,823384,PHI,FF,4-Seam Fastball,99.3,2489.0,-0.84,1.49,-0.2468232216262883,3.502607313429929,3.515764436,1.774311024,L,0,0,swinging_strike,,2.0,53,1,-10.08,17.88
2026-05-15,2026,823384,PHI,CH,Changeup,91.5,1596.0,-0.56,0.71,-0.1766287634395336,2.6447926102779213,3.515764436,1.774311024,L,0,1,hit_into_play,single,5.0,53,2,-6.72,8.52
2026-05-15,2026,823384,PHI,CH,Changeup,89.4,1465.0,-0.91,0.42,0.0688529384339677,2.898724805050601,3.088361221,1.558612205,L,0,0,called_strike,,2.0,54,1,-10.92,5.04
2026-05-15,2026,823384,PHI,SL,Slider,87.9,2541.0,0.36,0.01,0.8490721508748995,0.0951271797653969,3.088361221,1.558612205,L,0,1,blocked_ball,,14.0,54,2,4.32,0.12
2026-05-15,2026,823384,PHI,CH,Changeup,90.7,1518.0,-0.84,0.55,-0.044900843397551,1.732376484003627,3.088361221,1.558612205,L,1,1,hit_into_play,field_out,8.0,54,3,-10.08,6.6
2026-05-17,2026,823381,PHI,FF,4-Seam Fastball,96.7,2201.0,-0.61,1.13,-0.3827352180392405,4.545457596374322,3.342872375,1.687057087,R,0,0,ball,,11.0,61,1,-7.32,13.56
2026-05-17,2026,823381,PHI,FF,4-Seam Fastball,96.6,2241.0,-0.67,1.37,0.1753937703368984,3.646796081429784,3.342872375,1.687057087,R,1,0,swinging_strike,,12.0,61,2,-8.04,16.44
2026-05-17,2026,823381,PHI,ST,Sweeper,82.8,2469.0,1.35,-0.7,0.5076983429891326,1.7565496251592227,3.342872375,1.687057087,R,1,1,called_strike,,9.0,61,3,16.2,-8.4
2026-05-17,2026,823381,PHI,ST,Sweeper,84.5,2339.0,1.18,-0.44,1.6249048685584806,1.9027472816341289,3.342872375,1.687057087,R,1,2,ball,,14.0,61,4,14.16,-5.28
2026-05-17,2026,823381,PHI,FF,4-Seam Fastball,97.6,2350.0,-0.37,1.14,1.76158497883887,1.580514907948117,3.342872375,1.687057087,R,2,2,ball,,14.0,61,5,-4.44,13.68
2026-05-17,2026,823381,PHI,FF,4-Seam Fastball,97.4,2121.0,-0.65,1.18,-0.4619581395158749,2.5405712242946,3.342872375,1.687057087,R,3,2,hit_into_play,field_out,4.0,61,6,-7.8,14.16
2026-05-17,2026,823381,PHI,ST,Sweeper,85.3,2576.0,1.5,-0.07,1.2613104620702114,1.34343974620757,3.187532808,1.608661417,R,0,0,ball,,14.0,62,1,18.0,-0.84
2026-05-17,2026,823381,PHI,SI,Sinker,98.5,2323.0,-1.08,0.94,0.1062854733110896,2.184878658052681,3.187532808,1.608661417,R,1,0,called_strike,,5.0,62,2,-12.96,11.28
2026-05-17,2026,823381,PHI,FF,4-Seam Fastball,98.4,2295.0,-0.54,1.46,-0.1675938787020834,3.82986209946158,3.187532808,1.608661417,R,1,1,swinging_strike,,11.0,62,3,-6.48,17.52
2026-05-17,2026,823381,PHI,FF,4-Seam Fastball,98.1,2048.0,-0.51,1.14,0.6058113696823553,3.140943629181491,3.187532808,1.608661417,R,1,2,called_strike,strikeout,3.0,62,4,-6.12,13.68
2026-05-17,2026,823381,PHI,FF,4-Seam Fastball,98.3,1893.0,-0.48,1.13,0.1825579250102615,2.6750865447291465,3.515764436,1.774311024,L,0,0,foul,,5.0,63,1,-5.76,13.56
2026-05-17,2026,823381,PHI,FF,4-Seam Fastball,98.0,2423.0,-0.29,1.4,1.2212921610696528,4.610773630468628,3.515764436,1.774311024,L,0,1,ball,,12.0,63,2,-3.48,16.8
2026-05-17,2026,823381,PHI,FF,4-Seam Fastball,99.1,2256.0,-0.4,1.17,0.4292727260175478,3.770240552610569,3.515764436,1.774311024,L,1,1,hit_into_play,single,12.0,63,3,-4.8,14.04
2026-05-17,2026,823381,PHI,SL,Slider,86.7,2135.0,0.26,-0.03,-0.5798554439470662,2.4716200843597917,3.088361221,1.558612205,L,0,0,swinging_strike,,4.0,64,1,3.12,-0.36
2026-05-17,2026,823381,PHI,CH,Changeup,90.5,1514.0,-0.66,0.72,-0.3972623421726988,3.0162162509847867,3.088361221,1.558612205,L,0,1,swinging_strike,,1.0,64,2,-7.92,8.64
2026-05-17,2026,823381,PHI,FF,4-Seam Fastball,98.5,2090.0,-0.4,1.03,0.6175684127524548,3.96840005697132,3.088361221,1.558612205,L,0,2,ball,,12.0,64,3,-4.8,12.36
2026-05-17,2026,823381,PHI,FF,4-Seam Fastball,97.9,2210.0,-0.54,1.2,-0.3605021005066069,3.0375488023283483,3.088361221,1.558612205,L,1,2,hit_into_play,field_out,1.0,64,4,-6.48,14.4
2026-05-19,2026,823464,PHI,SL,Slider,86.0,2546.0,0.27,-0.05,0.5418776086384056,1.5344797643824926,3.047112861,1.537795276,R,0,0,hit_into_play,fielders_choice,9.0,48,1,3.24,-0.6
2026-05-19,2026,823464,PHI,SL,Slider,86.5,2393.0,0.39,-0.07,-0.4355303707273938,1.906790817219278,3.460474081,1.74640748,L,0,0,called_strike,,7.0,49,1,4.68,-0.84
2026-05-19,2026,823464,PHI,FF,4-Seam Fastball,96.4,2333.0,-0.55,1.62,-1.136368769496073,2.615275543721708,3.460474081,1.74640748,L,0,1,ball,,11.0,49,2,-6.6,19.44
2026-05-19,2026,823464,PHI,SL,Slider,87.9,2325.0,0.25,0.06,0.9164089354734796,0.2133915559010497,3.460474081,1.74640748,L,1,1,blocked_ball,,14.0,49,3,3.0,0.72
2026-05-19,2026,823464,PHI,CH,Changeup,90.2,1451.0,-1.19,0.34,-0.4930302981261978,2.019067387506938,3.460474081,1.74640748,L,2,1,swinging_strike,,7.0,49,4,-14.28,4.08
2026-05-19,2026,823464,PHI,SL,Slider,88.0,2388.0,0.32,-0.03,0.3458683448135239,0.8211401389293478,3.460474081,1.74640748,L,2,2,ball,,14.0,49,5,3.84,-0.36
2026-05-19,2026,823464,PHI,CH,Changeup,90.9,1425.0,-0.71,0.55,-1.0283660197878002,3.806653792089609,3.460474081,1.74640748,L,3,2,ball,walk,11.0,49,6,-8.52,6.6
2026-05-19,2026,823464,PHI,SI,Sinker,98.5,2391.0,-1.13,1.16,-1.3393203867252272,1.0425466533497525,3.096259843,1.562598425,R,0,0,ball,,13.0,50,1,-13.56,13.92
2026-05-19,2026,823464,PHI,SI,Sinker,96.5,2190.0,-1.27,0.95,-1.017611010477544,1.614835997193968,3.096259843,1.562598425,R,1,0,foul_tip,,13.0,50,2,-15.24,11.4
2026-05-19,2026,823464,PHI,SL,Slider,86.3,2436.0,0.33,-0.01,-0.3133921289113561,2.1673104031023054,3.096259843,1.562598425,R,1,1,hit_into_play,field_out,4.0,50,3,3.96,-0.12
2026-05-19,2026,823464,PHI,ST,Sweeper,83.4,2491.0,1.61,-0.4,1.3256335323743542,2.049469236292813,3.239312664,1.634793307,R,0,0,ball,,14.0,51,1,19.32,-4.8
2026-05-19,2026,823464,PHI,SL,Slider,86.0,2422.0,0.39,-0.31,-0.001192719901604,1.53213560966,3.239312664,1.634793307,R,1,0,swinging_strike,,8.0,51,2,4.68,-3.72
2026-05-19,2026,823464,PHI,SI,Sinker,97.9,2273.0,-1.23,1.13,-1.2470034309449234,2.0218347797061424,3.239312664,1.634793307,R,1,1,ball,,13.0,51,3,-14.76,13.56
2026-05-19,2026,823464,PHI,SL,Slider,87.7,2353.0,0.36,-0.08,0.5604849942974819,2.1052195481110587,3.239312664,1.634793307,R,2,1,hit_into_play,field_out,9.0,51,4,4.32,-0.96
2026-05-24,2026,823459,PHI,FF,4-Seam Fastball,94.0,2359.0,-0.57,1.51,0.3124977647685942,1.3682752901357025,3.068175853,1.548425197,L,0,0,ball,,14.0,58,1,-6.84,18.12
2026-05-24,2026,823459,PHI,FF,4-Seam Fastball,96.3,2359.0,-0.39,1.64,0.0409258669852149,3.1017320051784907,3.068175853,1.548425197,L,1,0,swinging_strike,,2.0,58,2,-4.68,19.68
2026-05-24,2026,823459,PHI,CH,Changeup,90.6,1575.0,-1.11,0.86,-1.3794334183655137,2.514348734591767,3.068175853,1.548425197,L,1,1,ball,,11.0,58,3,-13.32,10.32
2026-05-24,2026,823459,PHI,FF,4-Seam Fastball,96.3,2441.0,-0.44,1.68,0.5426290057808684,2.211116635155791,3.068175853,1.548425197,L,2,1,foul,,6.0,58,4,-5.28,20.16
2026-05-24,2026,823459,PHI,FF,4-Seam Fastball,97.1,2507.0,-0.74,1.67,0.334326351553284,1.9195111230686923,3.068175853,1.548425197,L,2,2,called_strike,strikeout,9.0,58,5,-8.88,20.04
2026-05-24,2026,823459,PHI,SL,Slider,87.2,2601.0,0.33,-0.22,-0.5923446174071522,2.0833432339476743,3.178756562,1.604232283,L,0,0,called_strike,,7.0,59,1,3.96,-2.64
2026-05-24,2026,823459,PHI,FF,4-Seam Fastball,97.1,2588.0,-0.69,1.73,0.8403093321928098,2.6390243138032803,3.178756562,1.604232283,L,0,1,hit_into_play,home_run,12.0,59,2,-8.28,20.76
2026-05-24,2026,823459,PHI,FF,4-Seam Fastball,98.5,2489.0,-0.67,1.52,0.2866834950610166,2.958506926091976,3.034826116,1.531594488,L,0,0,foul,,3.0,60,1,-8.04,18.24
2026-05-24,2026,823459,PHI,CH,Changeup,91.6,1540.0,-0.81,0.49,-0.8465677066495091,2.343594192241352,3.034826116,1.531594488,L,0,1,called_strike,,11.0,60,2,-9.72,5.88
2026-05-24,2026,823459,PHI,CH,Changeup,91.5,1395.0,-0.86,0.51,-0.9273793834464,1.941781709332852,3.034826116,1.531594488,L,0,2,hit_into_play,field_out,13.0,60,3,-10.32,6.12
2026-05-24,2026,823459,PHI,SL,Slider,87.8,2524.0,0.5,0.0,-0.3757004542577896,2.0568075857436505,3.339361877,1.685285433,L,0,0,called_strike,,7.0,61,1,6.0,0.0
2026-05-24,2026,823459,PHI,CH,Changeup,91.1,1395.0,-0.62,0.72,-0.3091189797458981,1.9357691386383409,3.339361877,1.685285433,L,0,1,hit_into_play,field_out,7.0,61,2,-7.44,8.64
2026-05-27,2026,823295,PHI,SI,Sinker,97.0,2346.0,-1.27,0.89,-0.7122848114890119,2.3504219137895204,3.346382874,1.68882874,R,0,0,called_strike,,4.0,56,1,-15.24,10.68
2026-05-27,2026,823295,PHI,SI,Sinker,97.4,2310.0,-1.41,0.98,0.0752199981252488,1.1311435704461907,3.346382874,1.68882874,R,0,1,ball,,14.0,56,2,-16.92,11.76
2026-05-27,2026,823295,PHI,SI,Sinker,97.3,2300.0,-1.29,1.05,0.4704513248447508,2.873967988838809,3.346382874,1.68882874,R,1,1,foul,,3.0,56,3,-15.48,12.6
2026-05-27,2026,823295,PHI,FF,4-Seam Fastball,97.6,2420.0,-0.93,1.62,0.5191794646146218,3.5465873152763425,3.346382874,1.68882874,R,1,2,foul,,12.0,56,4,-11.16,19.44
2026-05-27,2026,823295,PHI,ST,Sweeper,87.5,2483.0,1.19,-0.05,1.7472006259019124,1.8705932816505269,3.346382874,1.68882874,R,1,2,ball,,14.0,56,5,14.28,-0.6
2026-05-27,2026,823295,PHI,ST,Sweeper,87.2,2598.0,0.96,0.16,2.127572631193602,0.7391004761543756,3.346382874,1.68882874,R,2,2,ball,,14.0,56,6,11.52,1.92
2026-05-27,2026,823295,PHI,SI,Sinker,98.3,2131.0,-1.44,1.08,-0.5801705900050798,2.3419001969015776,3.346382874,1.68882874,R,3,2,hit_into_play,field_out,4.0,56,7,-17.28,12.96
2026-05-27,2026,823295,PHI,ST,Sweeper,85.6,2453.0,1.23,-0.14,0.984198043546032,1.5699950662544415,3.191043307,1.610433071,R,0,0,ball,,14.0,57,1,14.76,-1.68
2026-05-27,2026,823295,PHI,SI,Sinker,98.8,2325.0,-1.22,1.22,-1.2713950990572689,3.4537149564496747,3.191043307,1.610433071,R,1,0,ball,,11.0,57,2,-14.64,14.64
2026-05-27,2026,823295,PHI,SI,Sinker,97.8,2289.0,-1.23,1.12,-0.7582092584375337,3.114669379345024,3.191043307,1.610433071,R,2,0,called_strike,,1.0,57,3,-14.76,13.44
2026-05-27,2026,823295,PHI,SI,Sinker,99.5,2225.0,-1.23,1.06,-0.4249674027614227,2.8193614750339187,3.191043307,1.610433071,R,2,1,foul,,1.0,57,4,-14.76,12.72
2026-05-27,2026,823295,PHI,ST,Sweeper,88.7,2487.0,1.03,-0.15,1.2851892202326831,0.5861747983120331,3.191043307,1.610433071,R,2,2,ball,,14.0,57,5,12.36,-1.8
2026-05-27,2026,823295,PHI,SI,Sinker,97.7,2283.0,-1.21,1.14,-0.2785770300215677,2.2398687049010446,3.191043307,1.610433071,R,3,2,hit_into_play,field_out,4.0,57,6,-14.52,13.68
2026-05-27,2026,823295,PHI,FF,4-Seam Fastball,99.4,2430.0,-0.74,1.53,1.6763300594755093,2.9187503661281764,3.350770997,1.691043307,L,0,0,ball,,12.0,58,1,-8.88,18.36
2026-05-27,2026,823295,PHI,CH,Changeup,91.5,1427.0,-1.0,0.21,-1.1745770393310715,2.5117991505900026,3.350770997,1.691043307,L,1,0,ball,,13.0,58,2,-12.0,2.52
2026-05-27,2026,823295,PHI,SL,Slider,87.8,2512.0,0.36,-0.2,-0.1326145545445273,2.530659687949035,3.350770997,1.691043307,L,2,0,called_strike,,5.0,58,3,4.32,-2.4
2026-05-27,2026,823295,PHI,FF,4-Seam Fastball,98.4,2486.0,-0.71,1.54,0.3766046123608291,2.5584378951972413,3.350770997,1.691043307,L,2,1,foul,,6.0,58,4,-8.52,18.48
2026-05-27,2026,823295,PHI,FF,4-Seam Fastball,98.5,2548.0,-0.62,1.59,0.2452814511100161,2.7485273737133733,3.350770997,1.691043307,L,2,2,hit_into_play,field_out,5.0,58,5,-7.44,19.08
2026-06-05,2026,823455,PHI,FF,4-Seam Fastball,96.1,2245.0,-0.52,1.48,-0.934857595298854,3.0564044299585627,3.068175853,1.548425197,R,0,0,ball,,11.0,55,1,-6.24,17.76
2026-06-05,2026,823455,PHI,SI,Sinker,96.3,2174.0,-1.22,0.96,-0.5456324645321804,2.111781325538296,3.068175853,1.548425197,R,1,0,called_strike,,4.0,55,2,-14.64,11.52
2026-06-05,2026,823455,PHI,SI,Sinker,97.3,2076.0,-1.26,0.81,-1.0906573779898858,3.093161569308968,3.068175853,1.548425197,R,1,1,ball,,11.0,55,3,-15.12,9.72
2026-06-05,2026,823455,PHI,ST,Sweeper,84.0,2574.0,1.49,-0.07,1.556604011131884,2.5785100213727725,3.068175853,1.548425197,R,2,1,ball,,12.0,55,4,17.88,-0.84
2026-06-05,2026,823455,PHI,SI,Sinker,97.3,2239.0,-1.22,1.05,0.4366406326200396,2.0395577464718344,3.068175853,1.548425197,R,3,1,called_strike,,6.0,55,5,-14.64,12.6
2026-06-05,2026,823455,PHI,SI,Sinker,96.7,2246.0,-1.16,0.89,0.2030389631914464,1.656751490600914,3.068175853,1.548425197,R,3,2,hit_into_play,single,8.0,55,6,-13.92,10.68
2026-06-05,2026,823455,PHI,SL,Slider,86.0,2324.0,0.1,-0.22,-0.3336280311619768,2.034226094540343,3.068175853,1.548425197,L,0,0,hit_into_play,field_out,4.0,56,1,1.2,-2.64
2026-06-05,2026,823455,PHI,SL,Slider,86.9,2315.0,0.3,-0.06,-0.2721871730338037,3.0292662143254727,3.290214895,1.660482283,R,0,0,foul,,2.0,57,1,3.6,-0.72
2026-06-05,2026,823455,PHI,FF,4-Seam Fastball,97.4,2360.0,-0.24,1.68,1.3167342206963344,2.947157062556764,3.290214895,1.660482283,R,0,1,ball,,12.0,57,2,-2.88,20.16
2026-06-05,2026,823455,PHI,FF,4-Seam Fastball,98.8,2300.0,-0.47,1.42,1.4129120688691343,2.968239805714781,3.290214895,1.660482283,R,1,1,ball,,12.0,57,3,-5.64,17.04
2026-06-05,2026,823455,PHI,ST,Sweeper,84.2,2621.0,1.63,-0.1,1.2597438106734595,1.94224006616,3.290214895,1.660482283,R,2,1,foul,,14.0,57,4,19.56,-1.2
2026-06-05,2026,823455,PHI,FF,4-Seam Fastball,99.0,2373.0,-0.58,1.4,-0.8231642832944971,4.173267511184032,3.290214895,1.660482283,R,2,2,ball,,11.0,57,5,-6.96,16.8
2026-06-05,2026,823455,PHI,FF,4-Seam Fastball,99.8,2408.0,-0.47,1.61,0.58354188769101,2.8158174145294863,3.290214895,1.660482283,R,3,2,foul_tip,strikeout,3.0,57,6,-5.64,19.32
2026-06-05,2026,823455,PHI,FF,4-Seam Fastball,99.6,2450.0,-0.62,1.57,0.6062026633505226,2.511812847981139,3.340239501,1.685728347,L,0,0,foul,,6.0,58,1,-7.44,18.84
2026-06-05,2026,823455,PHI,FF,4-Seam Fastball,98.8,2310.0,-0.26,1.43,0.7213395226508785,4.54379729436182,3.340239501,1.685728347,L,0,1,ball,,12.0,58,2,-3.12,17.16
2026-06-05,2026,823455,PHI,FF,4-Seam Fastball,99.8,2362.0,-0.46,1.43,0.7708852335981431,2.282442009843064,3.340239501,1.685728347,L,1,1,hit_into_play,single,6.0,58,3,-5.52,17.16
2026-06-05,2026,823455,PHI,CH,Changeup,90.9,1421.0,-1.09,0.66,-1.0805972989160144,4.258024946354882,3.133997703,1.581643701,L,0,0,ball,,11.0,59,1,-13.08,7.92
2026-06-05,2026,823455,PHI,SL,Slider,86.1,2431.0,0.28,-0.14,-0.3156676285012345,2.996828410962555,3.133997703,1.581643701,L,1,0,called_strike,,1.0,59,2,3.36,-1.68
2026-06-05,2026,823455,PHI,FF,4-Seam Fastball,97.6,2270.0,-0.73,1.51,0.7479053384976736,2.488583145098666,3.133997703,1.581643701,L,1,1,foul,,6.0,59,3,-8.76,18.12
2026-06-05,2026,823455,PHI,FF,4-Seam Fastball,97.8,2359.0,-0.41,1.46,1.2886953673411494,3.280952742410432,3.133997703,1.581643701,L,1,2,ball,,12.0,59,4,-4.92,17.52
2026-06-05,2026,823455,PHI,FF,4-Seam Fastball,98.5,2312.0,-0.31,1.37,0.6375633268653216,3.551278602972291,3.133997703,1.581643701,L,2,2,swinging_strike,strikeout,12.0,59,5,-3.72,16.44
2026-06-07,2026,823453,PHI,FF,4-Seam Fastball,95.2,2287.0,-0.44,1.36,-0.0837257884082167,2.808982461710312,3.154183071,1.591830709,L,0,0,called_strike,,2.0,73,1,-5.28,16.32
2026-06-07,2026,823453,PHI,CH,Changeup,89.9,1535.0,-1.16,0.54,-1.0985127264119463,2.9501558658732323,3.154183071,1.591830709,L,0,1,ball,,11.0,73,2,-13.92,6.48
2026-06-07,2026,823453,PHI,FF,4-Seam Fastball,95.6,2421.0,-0.83,1.61,0.0314757403710447,2.5451811307485164,3.154183071,1.591830709,L,1,1,swinging_strike,,5.0,73,3,-9.96,19.32
2026-06-07,2026,823453,PHI,FF,4-Seam Fastball,97.4,2478.0,-0.97,1.6,-0.0228003119673706,3.979494172420376,3.154183071,1.591830709,L,1,2,swinging_strike,strikeout,11.0,73,4,-11.64,19.2
2026-06-07,2026,823453,PHI,SL,Slider,87.9,2502.0,0.07,0.01,-0.0803934167857258,2.1692129585346787,3.290214895,1.660482283,R,0,0,hit_into_play,field_out,5.0,74,1,0.84,0.12
2026-06-07,2026,823453,PHI,FF,4-Seam Fastball,96.9,2410.0,-0.65,1.64,0.072013288743121,4.75220973330166,3.133997703,1.581643701,L,0,0,ball,,12.0,75,1,-7.8,19.68
2026-06-07,2026,823453,PHI,FF,4-Seam Fastball,97.1,2421.0,-0.66,1.65,1.1415868291277058,3.513999514189772,3.133997703,1.581643701,L,1,0,ball,,12.0,75,2,-7.92,19.8
2026-06-07,2026,823453,PHI,FF,4-Seam Fastball,96.4,2492.0,-0.56,1.5,0.4856706638970574,1.6862056355932609,3.133997703,1.581643701,L,2,0,called_strike,,9.0,75,3,-6.72,18.0
2026-06-07,2026,823453,PHI,SL,Slider,88.5,2516.0,0.28,0.2,0.167246418573041,2.2784515704410704,3.133997703,1.581643701,L,2,1,foul,,5.0,75,4,3.36,2.4
2026-06-07,2026,823453,PHI,FF,4-Seam Fastball,98.9,2618.0,-0.63,1.63,0.3087058621368203,4.054285571759568,3.133997703,1.581643701,L,2,2,ball,,12.0,75,5,-7.56,19.56
2026-06-07,2026,823453,PHI,FF,4-Seam Fastball,97.8,2479.0,-0.82,1.48,0.5197576184873715,2.651537756565075,3.133997703,1.581643701,L,3,2,foul_tip,strikeout,6.0,75,6,-9.84,17.76
2026-06-07,2026,823453,PHI,FF,4-Seam Fastball,96.1,2505.0,-0.81,1.53,-0.2158605969769021,3.4758186882426325,3.340239501,1.685728347,L,0,0,swinging_strike,,11.0,80,1,-9.72,18.36
2026-06-07,2026,823453,PHI,SL,Slider,86.2,2516.0,0.1,-0.24,1.2432025396600732,0.5965607636142654,3.340239501,1.685728347,L,0,1,ball,,14.0,80,2,1.2,-2.88
2026-06-07,2026,823453,PHI,FF,4-Seam Fastball,96.8,2635.0,-0.71,1.49,-0.3377705840526274,3.5896444078433367,3.340239501,1.685728347,L,1,1,ball,,11.0,80,3,-8.52,17.88
2026-06-07,2026,823453,PHI,FF,4-Seam Fastball,96.3,2582.0,-0.67,1.74,0.4269668049852519,2.305618923269845,3.340239501,1.685728347,L,2,1,foul,,6.0,80,4,-8.04,20.88
2026-06-07,2026,823453,PHI,FF,4-Seam Fastball,97.2,2402.0,-0.69,1.45,-0.3895168806553819,3.540802360056282,3.340239501,1.685728347,L,2,2,swinging_strike,strikeout,11.0,80,5,-8.28,17.4
2026-06-07,2026,823453,PHI,SI,Sinker,96.8,2377.0,-1.26,0.87,0.1434290868015035,1.7346376117212872,3.068175853,1.548425197,R,0,0,called_strike,,8.0,81,1,-15.12,10.44
2026-06-07,2026,823453,PHI,SI,Sinker,97.5,2476.0,-1.5,1.39,-0.457154193811305,2.1514338133401143,3.068175853,1.548425197,R,0,1,hit_into_play,single,4.0,81,2,-18.0,16.68
2026-06-07,2026,823453,PHI,SI,Sinker,97.1,2292.0,-1.34,1.2,-0.3205408971731376,1.3262778528904686,3.208595801,1.619291339,R,0,0,hit_into_play,grounded_into_double_play,13.0,82,1,-16.08,14.4
2026-06-10,2026,822804,PHI,SL,Slider,85.4,2472.0,0.35,-0.22,0.2983973760609392,3.501778449694969,3.164714567,1.597145669,L,0,0,ball,,12.0,55,1,4.2,-2.64
2026-06-10,2026,822804,PHI,FF,4-Seam Fastball,96.2,2379.0,-0.83,1.45,0.2506831367057642,2.393412408725631,3.164714567,1.597145669,L,1,0,foul,,5.0,55,2,-9.96,17.4
2026-06-10,2026,822804,PHI,FF,4-Seam Fastball,96.1,2392.0,-0.8,1.57,-1.1750274586877734,3.200692528512736,3.164714567,1.597145669,L,1,1,swinging_strike,,11.0,55,3,-9.6,18.84
2026-06-10,2026,822804,PHI,FF,4-Seam Fastball,96.9,2428.0,-0.7,1.51,-0.8120047534464727,3.3170026894351103,3.164714567,1.597145669,L,1,2,hit_into_play,field_out,11.0,55,4,-8.4,18.12
2026-06-15,2026,823452,PHI,FF,4-Seam Fastball,96.4,2464.0,-0.71,1.33,-0.5683761308222828,3.4015043392516198,2.995333005,1.511663386,R,0,0,ball,,11.0,61,1,-8.52,15.96
2026-06-15,2026,823452,PHI,SI,Sinker,95.9,2290.0,-1.19,1.11,-0.590338219183479,2.4166575327685984,2.995333005,1.511663386,R,1,0,hit_into_play,field_error,4.0,61,2,-14.28,13.32
2026-06-15,2026,823452,PHI,FF,4-Seam Fastball,96.9,2541.0,-0.68,1.76,0.5980598504531264,1.582625645008345,3.085728346,1.557283465,L,0,0,ball,,9.0,62,1,-8.16,21.12
2026-06-15,2026,823452,PHI,FF,4-Seam Fastball,91.7,2332.0,-0.82,1.54,-0.8820509563459088,1.158157123064996,3.085728346,1.557283465,L,1,0,ball,,13.0,62,2,-9.84,18.48
2026-06-15,2026,823452,PHI,FF,4-Seam Fastball,96.2,2467.0,-0.82,1.71,-0.1785694950142167,1.692469489503002,3.085728346,1.557283465,L,2,0,called_strike,,8.0,62,3,-9.84,20.52
2026-06-15,2026,823452,PHI,FF,4-Seam Fastball,97.0,2551.0,-0.85,1.75,-0.423713875670312,2.3979637136278416,3.085728346,1.557283465,L,2,1,called_strike,,4.0,62,4,-10.2,21.0
2026-06-15,2026,823452,PHI,CH,Changeup,92.8,1477.0,-1.09,0.48,-0.410983256002976,-0.6492755860388884,3.085728346,1.557283465,L,2,2,blocked_ball,,13.0,62,5,-13.08,5.76
2026-06-15,2026,823452,PHI,FF,4-Seam Fastball,97.0,2483.0,-0.84,1.71,0.1420462350195031,2.4808529460364084,3.085728346,1.557283465,L,3,2,hit_into_play,single,5.0,62,6,-10.08,20.52
2026-06-15,2026,823452,PHI,FF,4-Seam Fastball,98.2,2522.0,-0.61,1.7,-0.0919773700851289,2.811266053358736,3.136630577,1.582972441,R,0,0,foul,,2.0,63,1,-7.32,20.4
2026-06-15,2026,823452,PHI,SL,Slider,88.2,2512.0,0.29,-0.14,-0.4007923618215976,1.9689387283117648,3.136630577,1.582972441,R,0,1,hit_into_play,force_out,7.0,63,2,3.48,-1.68
2026-06-15,2026,823452,PHI,FF,4-Seam Fastball,98.6,2530.0,-0.7,1.72,-0.548982308867338,2.993455367665657,3.295480643,1.663139764,L,0,0,swinging_strike,,1.0,64,1,-8.4,20.64
2026-06-15,2026,823452,PHI,FF,4-Seam Fastball,98.1,2451.0,-0.65,1.75,0.8027712729638552,3.869211048610608,3.295480643,1.663139764,L,0,1,swinging_strike,,12.0,64,2,-7.8,21.0
2026-06-15,2026,823452,PHI,FF,4-Seam Fastball,97.9,2486.0,-0.69,1.74,-0.4362641114883367,4.144388772733093,3.295480643,1.663139764,L,0,2,ball,,11.0,64,3,-8.28,20.88
2026-06-15,2026,823452,PHI,FF,4-Seam Fastball,97.9,2612.0,-0.69,1.66,0.2502791950485178,3.597538798805588,3.295480643,1.663139764,L,1,2,swinging_strike,strikeout,12.0,64,4,-8.28,19.92
2026-06-15,2026,823452,PHI,FF,4-Seam Fastball,99.0,2586.0,-0.77,1.92,0.1717893856846279,2.513981608913185,3.055011483,1.541781496,L,0,0,swinging_strike,,5.0,65,1,-9.24,23.04
2026-06-15,2026,823452,PHI,FF,4-Seam Fastball,99.3,2588.0,-0.61,1.76,-0.6610981681366993,2.883419206045729,3.055011483,1.541781496,L,0,1,foul,,1.0,65,2,-7.32,21.12
2026-06-15,2026,823452,PHI,FF,4-Seam Fastball,99.8,2481.0,-0.73,1.37,-0.0708400364654929,1.480436841943718,3.055011483,1.541781496,L,0,2,ball,,8.0,65,3,-8.76,16.44
2026-06-15,2026,823452,PHI,FF,4-Seam Fastball,98.9,2571.0,-0.6,1.61,-0.5086084870063271,2.68636720792476,3.055011483,1.541781496,L,1,2,foul,,1.0,65,4,-7.2,19.32
2026-06-15,2026,823452,PHI,FF,4-Seam Fastball,100.2,2376.0,-0.58,1.55,-0.7510773764006817,3.5842365369481164,3.055011483,1.541781496,L,1,2,foul,,11.0,65,5,-6.96,18.6
2026-06-15,2026,823452,PHI,CH,Changeup,92.9,1611.0,-0.59,0.79,-0.6440324325856459,3.138213251386741,3.055011483,1.541781496,L,1,2,swinging_strike,strikeout,1.0,65,6,-7.08,9.48
2026-06-17,2026,823450,PHI,FF,4-Seam Fastball,89.9,2183.0,-0.77,1.57,-0.2211271422766385,1.9206094051838405,3.055011483,1.541781496,L,0,0,called_strike,,8.0,43,1,-9.24,18.84
2026-06-17,2026,823450,PHI,SL,Slider,85.1,2619.0,0.25,-0.12,-0.5880025593806188,2.150078329343943,3.055011483,1.541781496,L,0,1,missed_bunt,,4.0,43,2,3.0,-1.44
2026-06-17,2026,823450,PHI,SL,Slider,85.7,2595.0,0.29,-0.11,0.2509934527158474,1.8097929445229748,3.055011483,1.541781496,L,0,2,hit_into_play,field_out,8.0,43,3,3.48,-1.32
2026-06-17,2026,823450,PHI,SI,Sinker,95.7,2182.0,-1.17,1.11,-0.2070752475445729,2.346880842241584,2.995333005,1.511663386,R,0,0,hit_into_play,field_error,5.0,44,1,-14.04,13.32
2026-06-17,2026,823450,PHI,FF,4-Seam Fastball,96.8,2483.0,-0.78,1.51,0.2949795453939471,2.5326656849675566,3.369201116,1.700344488,L,0,0,foul,,6.0,45,1,-9.36,18.12
2026-06-17,2026,823450,PHI,SL,Slider,86.0,2598.0,0.3,-0.03,1.2742446811513382,1.3231565044210654,3.369201116,1.700344488,L,0,1,ball,,14.0,45,2,3.6,-0.36
2026-06-17,2026,823450,PHI,SL,Slider,88.2,2659.0,0.28,0.05,0.0360439747566349,2.013307868927225,3.369201116,1.700344488,L,1,1,hit_into_play,force_out,8.0,45,3,3.36,0.6
2026-06-17,2026,823450,PHI,FF,4-Seam Fastball,97.5,2454.0,-0.85,1.32,-0.237048238248363,1.5366674919118442,3.212106299,1.621062992,L,0,0,ball,,8.0,46,1,-10.2,15.84
2026-06-17,2026,823450,PHI,FF,4-Seam Fastball,97.2,2356.0,-0.49,1.58,-0.4969507844697461,2.5030144331059963,3.212106299,1.621062992,L,1,0,called_strike,,4.0,46,2,-5.88,18.96
2026-06-17,2026,823450,PHI,SL,Slider,87.2,2610.0,0.37,0.18,0.3698017400458827,0.951700283185116,3.212106299,1.621062992,L,1,1,ball,,14.0,46,3,4.44,2.16
2026-06-17,2026,823450,PHI,CH,Changeup,89.7,1614.0,-0.86,0.32,-1.2737572623111102,3.780739706707749,3.212106299,1.621062992,L,2,1,ball,truncated_pa,11.0,46,4,-10.32,3.84
2026-06-21,2026,823449,PHI,SL,Slider,87.0,2572.0,0.25,-0.21,0.0094329343979549,2.19391239337791,3.212106299,1.621062992,R,0,0,called_strike,,5.0,49,1,3.0,-2.52
2026-06-21,2026,823449,PHI,SL,Slider,87.0,2496.0,0.19,-0.19,0.994857461048564,1.118783598613481,3.212106299,1.621062992,R,0,1,swinging_strike,,14.0,49,2,2.28,-2.28
2026-06-21,2026,823449,PHI,SL,Slider,88.4,2588.0,0.15,-0.03,1.7238177565447863,0.2949622922666988,3.212106299,1.621062992,R,0,2,blocked_ball,,14.0,49,3,1.8,-0.36
2026-06-21,2026,823449,PHI,FF,4-Seam Fastball,97.7,2421.0,-0.8,1.52,-0.2040669424155506,4.09147684969432,3.212106299,1.621062992,R,1,2,swinging_strike,strikeout,11.0,49,4,-9.6,18.24
2026-06-23,2026,822718,PHI,FF,4-Seam Fastball,96.0,2298.0,-0.79,1.33,0.3648999519331022,2.797919914547093,3.247211286,1.638779528,R,0,0,called_strike,,3.0,56,1,-9.48,15.96
2026-06-23,2026,822718,PHI,SI,Sinker,95.8,2390.0,-1.42,1.04,-1.0931363287446605,1.171687628057037,3.247211286,1.638779528,R,0,1,ball,,13.0,56,2,-17.04,12.48
2026-06-23,2026,822718,PHI,SI,Sinker,96.4,2413.0,-1.38,1.07,-1.1675619906428512,2.120257562318412,3.247211286,1.638779528,R,1,1,swinging_strike,,13.0,56,3,-16.56,12.84
2026-06-23,2026,822718,PHI,FF,4-Seam Fastball,96.9,2459.0,-0.55,1.58,0.3257089055450702,3.5654936790836738,3.247211286,1.638779528,R,1,2,foul,,12.0,56,4,-6.6,18.96
2026-06-23,2026,822718,PHI,SL,Slider,88.7,2618.0,0.09,0.12,1.3919611721405682,2.8205446686744047,3.247211286,1.638779528,R,1,2,swinging_strike,strikeout,12.0,56,5,1.08,1.44
2026-06-24,2026,822719,PHI,SL,Slider,87.8,2396.0,0.07,0.07,0.1647319250100181,2.925429890270604,3.247211286,1.638779528,R,0,0,hit_into_play,home_run,2.0,51,1,0.84,0.84
2026-06-24,2026,822719,PHI,FF,4-Seam Fastball,97.4,2424.0,-0.64,1.64,-0.9473948570922336,4.424534392377232,3.211228675,1.620620079,L,0,0,ball,,11.0,52,1,-7.68,19.68
2026-06-24,2026,822719,PHI,SL,Slider,85.7,2486.0,0.3,-0.34,0.0791913637128191,2.2360488071631224,3.211228675,1.620620079,L,1,0,called_strike,,5.0,52,2,3.6,-4.08
2026-06-24,2026,822719,PHI,FF,4-Seam Fastball,97.5,2403.0,-0.62,1.57,-0.3033019186581462,3.101581243763135,3.211228675,1.620620079,L,1,1,foul,,1.0,52,3,-7.44,18.84
2026-06-24,2026,822719,PHI,FF,4-Seam Fastball,97.3,2320.0,-0.7,1.48,-0.0819794125277539,3.4319432987460834,3.211228675,1.620620079,L,1,2,foul,,11.0,52,4,-8.4,17.76
2026-06-24,2026,822719,PHI,SL,Slider,88.5,2488.0,0.17,-0.17,0.5159867263892907,-0.0392138487420488,3.211228675,1.620620079,L,1,2,ball,,14.0,52,5,2.04,-2.04
2026-06-24,2026,822719,PHI,SL,Slider,88.7,2509.0,0.2,0.08,1.5766600810736282,0.4945051076062436,3.211228675,1.620620079,L,2,2,hit_by_pitch,hit_by_pitch,14.0,52,6,2.4,0.96
2026-06-24,2026,822719,PHI,FF,4-Seam Fastball,97.9,2442.0,-0.8,1.53,-0.424907743084041,2.811153953103449,3.045357612,1.536909449,L,0,0,swinging_strike,,1.0,53,1,-9.6,18.36
2026-06-24,2026,822719,PHI,FF,4-Seam Fastball,97.7,2440.0,-0.77,1.48,-0.4910904475330743,3.023493246595871,3.045357612,1.536909449,L,0,1,foul,,1.0,53,2,-9.24,17.76
2026-06-24,2026,822719,PHI,FF,4-Seam Fastball,98.3,2380.0,-0.79,1.62,-0.7588199902122142,3.6169883733981374,3.045357612,1.536909449,L,0,2,ball,,11.0,53,3,-9.48,19.44
2026-06-24,2026,822719,PHI,FF,4-Seam Fastball,98.3,2352.0,-0.9,1.51,-0.5215187795461894,3.940531032966048,3.045357612,1.536909449,L,1,2,ball,,11.0,53,4,-10.8,18.12
2026-06-24,2026,822719,PHI,SL,Slider,87.7,2452.0,0.25,0.05,0.0905896478698049,1.0916750847810053,3.045357612,1.536909449,L,2,2,swinging_strike,strikeout,14.0,53,5,3.0,0.6
2026-06-27,2026,823609,PHI,ST,Sweeper,83.1,2808.0,1.6,-0.13,0.9064787325294508,1.6800935235786292,3.340239501,1.685728347,R,0,0,ball,,14.0,47,1,19.2,-1.56
2026-06-27,2026,823609,PHI,ST,Sweeper,83.9,2685.0,1.16,-0.18,0.944827136959376,1.4818083962992734,3.340239501,1.685728347,R,1,0,swinging_strike,,14.0,47,2,13.92,-2.16
2026-06-27,2026,823609,PHI,SI,Sinker,96.8,2372.0,-1.54,0.88,-0.6029753274324035,0.8892304582349606,3.340239501,1.685728347,R,1,1,ball,,13.0,47,3,-18.48,10.56
2026-06-27,2026,823609,PHI,ST,Sweeper,83.6,2787.0,1.37,0.04,0.9147407167006604,1.0137804844263347,3.340239501,1.685728347,R,2,1,ball,,14.0,47,4,16.44,0.48
2026-06-27,2026,823609,PHI,SI,Sinker,97.0,2518.0,-1.21,0.95,-1.2527112456923415,2.264317743335502,3.340239501,1.685728347,R,3,1,ball,walk,13.0,47,5,-14.52,11.4
2026-06-27,2026,823609,PHI,CH,Changeup,91.5,1575.0,-0.98,0.32,-0.1288038176736974,1.7269560744715116,3.136630577,1.582972441,L,0,0,hit_into_play,single,8.0,48,1,-11.76,3.84
2026-06-27,2026,823609,PHI,FF,4-Seam Fastball,97.9,2557.0,-0.46,1.59,-0.2396824690306795,3.4657288300718347,3.327952756,1.679527559,L,0,0,called_strike,,11.0,49,1,-5.52,19.08
2026-06-27,2026,823609,PHI,CH,Changeup,90.8,1663.0,-1.16,0.42,-0.4540970041714747,2.9950533840914826,3.327952756,1.679527559,L,0,1,swinging_strike,,1.0,49,2,-13.92,5.04
2026-06-27,2026,823609,PHI,FF,4-Seam Fastball,97.2,2486.0,-0.67,1.43,-0.5844820913917766,3.406152285414512,3.327952756,1.679527559,L,0,2,swinging_strike,strikeout,1.0,49,3,-8.04,17.16
2026-06-27,2026,823609,PHI,SI,Sinker,97.1,2358.0,-1.08,0.94,-1.2987186801717634,2.6011948817377784,3.120833333,1.575,R,0,0,hit_into_play,field_out,11.0,50,1,-12.96,11.28
2026-06-30,2026,823445,PHI,FF,4-Seam Fastball,97.5,2409.0,-0.57,1.54,0.9465079588862844,3.2993276327154946,3.28933727,1.66003937,L,0,0,foul,,12.0,59,1,-6.84,18.48
2026-06-30,2026,823445,PHI,FF,4-Seam Fastball,98.0,2407.0,-0.72,1.5,-0.967957836932954,3.315334489444188,3.28933727,1.66003937,L,0,1,ball,,11.0,59,2,-8.64,18.0
2026-06-30,2026,823445,PHI,CH,Changeup,92.0,1496.0,-1.0,0.48,-0.8551471310203919,2.9636448360597853,3.28933727,1.66003937,L,1,1,called_strike,,11.0,59,3,-12.0,5.76
2026-06-30,2026,823445,PHI,FF,4-Seam Fastball,98.7,2557.0,-0.77,1.6,-1.1239000950604503,4.503231842020172,3.28933727,1.66003937,L,1,2,ball,,11.0,59,4,-9.24,19.2
2026-06-30,2026,823445,PHI,FF,4-Seam Fastball,99.3,2488.0,-0.7,1.54,0.1123419283545568,2.924115372100439,3.28933727,1.66003937,L,2,2,foul,,2.0,59,5,-8.4,18.48
2026-06-30,2026,823445,PHI,ST,Sweeper,85.9,2803.0,1.57,-0.1,0.7213786037698162,1.9035694412040856,3.28933727,1.66003937,L,2,2,foul,,9.0,59,6,18.84,-1.2
2026-06-30,2026,823445,PHI,FF,4-Seam Fastball,98.8,2472.0,-0.63,1.48,-0.0708819197035425,4.282188595934855,3.28933727,1.66003937,L,2,2,ball,,11.0,59,7,-7.56,17.76
2026-06-30,2026,823445,PHI,FF,4-Seam Fastball,99.1,2447.0,-0.41,1.41,0.7755072061085052,3.654975512936117,3.28933727,1.66003937,L,3,2,foul,,12.0,59,8,-4.92,16.92
2026-06-30,2026,823445,PHI,SL,Slider,86.5,2514.0,0.39,-0.35,-0.4565702413119321,2.199984140305588,3.28933727,1.66003937,L,3,2,foul,,4.0,59,9,4.68,-4.2
2026-06-30,2026,823445,PHI,FF,4-Seam Fastball,99.2,2569.0,-0.66,1.68,0.3340747336028292,2.813331384117371,3.28933727,1.66003937,L,3,2,foul,,3.0,59,10,-7.92,20.16
2026-06-30,2026,823445,PHI,SL,Slider,87.8,2197.0,0.08,-0.34,-1.9031685989060465,3.028468430941724,3.28933727,1.66003937,L,3,2,ball,walk,11.0,59,11,0.96,-4.08
2026-06-30,2026,823445,PHI,SI,Sinker,98.5,2406.0,-1.32,1.02,-0.4996548031743328,1.914372320343377,3.334973753,1.683070866,R,0,0,called_strike,,7.0,60,1,-15.84,12.24
2026-06-30,2026,823445,PHI,SL,Slider,87.7,2551.0,0.14,-0.2,1.7091070838773508,-0.8081335543594239,3.334973753,1.683070866,R,0,1,blocked_ball,,14.0,60,2,1.68,-2.4
2026-06-30,2026,823445,PHI,SI,Sinker,98.9,2429.0,-1.08,1.15,-0.5121042742651101,2.892128139116215,3.334973753,1.683070866,R,1,1,foul,,1.0,60,3,-12.96,13.8
2026-06-30,2026,823445,PHI,FF,4-Seam Fastball,98.7,2559.0,-0.82,1.48,0.1053974961072494,3.9701122998316807,3.334973753,1.683070866,R,1,2,swinging_strike,strikeout,12.0,60,4,-9.84,17.76
2026-06-30,2026,823445,PHI,SI,Sinker,99.1,2301.0,-1.22,1.1,-0.6395168385415224,2.7538352571506963,3.311277887,1.671112205,R,0,0,hit_into_play,single,4.0,61,1,-14.64,13.2
2026-06-30,2026,823445,PHI,CH,Changeup,90.1,1514.0,-0.41,0.85,-1.873099890666214,4.584849884860459,3.284071522,1.65738189,L,0,0,ball,,11.0,62,1,-4.92,10.2
2026-06-30,2026,823445,PHI,FF,4-Seam Fastball,98.3,2472.0,-0.76,1.64,0.7201270018579273,2.487550605645858,3.284071522,1.65738189,L,1,0,called_strike,,6.0,62,2,-9.12,19.68
2026-06-30,2026,823445,PHI,FF,4-Seam Fastball,98.0,2492.0,-0.74,1.52,-0.5673804808805044,3.0065248464730345,3.284071522,1.65738189,L,1,1,called_strike,,1.0,62,3,-8.88,18.24
2026-06-30,2026,823445,PHI,FF,4-Seam Fastball,98.5,2492.0,-0.77,1.61,-0.2832127104267729,2.0574177364285293,3.284071522,1.65738189,L,1,2,called_strike,strikeout,7.0,62,4,-9.24,19.32
2026-06-30,2026,823445,PHI,SL,Slider,88.6,2542.0,0.3,-0.05,0.2585637686611418,1.646423186203303,3.255987533,1.643208661,R,0,0,swinging_strike,,8.0,63,1,3.6,-0.6
2026-06-30,2026,823445,PHI,SL,Slider,87.6,2629.0,0.31,-0.16,-0.2061666916510776,2.211671635387141,3.255987533,1.643208661,R,0,1,foul,,5.0,63,2,3.72,-1.92
2026-06-30,2026,823445,PHI,FF,4-Seam Fastball,97.5,2469.0,-0.39,1.49,0.3483455834908122,4.472491124567499,3.255987533,1.643208661,R,0,2,ball,,12.0,63,3,-4.68,17.88
2026-06-30,2026,823445,PHI,ST,Sweeper,86.2,2684.0,1.53,-0.09,-0.3044441720869968,2.4574305561222625,3.255987533,1.643208661,R,1,2,foul,,4.0,63,4,18.36,-1.08
2026-06-30,2026,823445,PHI,SL,Slider,87.4,2565.0,0.25,-0.4,0.8926798899763009,1.1452683156620682,3.255987533,1.643208661,R,1,2,ball,,14.0,63,5,3.0,-4.8
2026-06-30,2026,823445,PHI,FF,4-Seam Fastball,98.0,2513.0,-0.33,1.28,0.7419740293749555,3.0571821498220224,3.255987533,1.643208661,R,2,2,swinging_strike,strikeout,3.0,63,6,-3.96,15.36
2026-07-02,2026,823442,PHI,SL,Slider,83.8,2465.0,0.34,-0.22,0.923088401948202,1.8453733902294829,3.05062336,1.539566929,R,0,0,ball,,14.0,44,1,4.08,-2.64
2026-07-02,2026,823442,PHI,CH,Changeup,89.6,2083.0,-1.13,0.81,-1.4313461075616063,3.2074643724391985,3.05062336,1.539566929,R,1,0,ball,,11.0,44,2,-13.56,9.72
2026-07-02,2026,823442,PHI,FF,4-Seam Fastball,93.8,2317.0,-0.64,1.43,0.057999297201028,3.041710052491829,3.05062336,1.539566929,R,2,0,foul,,2.0,44,3,-7.68,17.16
2026-07-02,2026,823442,PHI,FF,4-Seam Fastball,94.9,2229.0,-0.72,1.24,0.1154918256070154,2.971399383804551,3.05062336,1.539566929,R,2,1,foul,,2.0,44,4,-8.64,14.88
2026-07-02,2026,823442,PHI,ST,Sweeper,85.1,2669.0,1.34,-0.36,2.8078895049222634,-0.1273862822788594,3.05062336,1.539566929,R,2,2,ball,,14.0,44,5,16.08,-4.32
2026-07-02,2026,823442,PHI,SI,Sinker,96.4,2287.0,-1.3,1.11,-0.7112508862865348,2.9612552371425167,3.05062336,1.539566929,R,3,2,hit_into_play,single,1.0,44,6,-15.6,13.32
2026-07-02,2026,823442,PHI,SL,Slider,87.6,2504.0,0.13,-0.11,1.0698206940845671,1.7913177378792056,3.255987533,1.643208661,R,0,0,ball,,14.0,45,1,1.56,-1.32
2026-07-02,2026,823442,PHI,SL,Slider,86.5,2442.0,0.18,-0.23,-0.1121418655834725,2.865448849856073,3.255987533,1.643208661,R,1,0,foul,,2.0,45,2,2.16,-2.76
2026-07-02,2026,823442,PHI,SI,Sinker,97.4,2274.0,-1.24,1.07,-1.160969401281598,3.4606718872064377,3.255987533,1.643208661,R,1,1,ball,,11.0,45,3,-14.88,12.84
2026-07-02,2026,823442,PHI,SI,Sinker,97.1,2257.0,-1.23,0.93,-0.7753765805649633,3.1408823442349503,3.255987533,1.643208661,R,2,1,hit_into_play,single,1.0,45,4,-14.76,11.16
2026-07-02,2026,823442,PHI,FF,4-Seam Fastball,97.2,2440.0,-0.77,1.55,-0.0310971417438509,3.809549478964049,3.19718668,1.613533465,L,0,0,ball,,11.0,46,1,-9.24,18.6
2026-07-02,2026,823442,PHI,CH,Changeup,90.7,1398.0,-0.67,0.78,0.0643734186619027,2.5154276356354184,3.19718668,1.613533465,L,1,0,foul,,5.0,46,2,-8.04,9.36
2026-07-02,2026,823442,PHI,FF,4-Seam Fastball,97.1,2388.0,-0.61,1.38,-0.3240132817078495,4.251472480588906,3.19718668,1.613533465,L,1,1,ball,,11.0,46,3,-7.32,16.56
2026-07-02,2026,823442,PHI,FF,4-Seam Fastball,96.3,2295.0,-0.64,1.5,-0.3111127636593011,2.761940934529086,3.19718668,1.613533465,L,2,1,swinging_strike,,1.0,46,4,-7.68,18.0
2026-07-02,2026,823442,PHI,FF,4-Seam Fastball,97.4,2282.0,-0.47,1.5,-0.0743369207959447,3.4297417079001966,3.19718668,1.613533465,L,2,2,swinging_strike,strikeout,11.0,46,5,-5.64,18.0
2026-07-02,2026,823442,PHI,ST,Sweeper,84.4,2674.0,1.17,-0.5,1.0093898547598932,1.7580821526978854,3.342872375,1.687057087,R,0,0,ball,,14.0,47,1,14.04,-6.0
2026-07-02,2026,823442,PHI,SL,Slider,88.5,2476.0,0.14,0.13,0.9306400410856572,2.1201082087695493,3.342872375,1.687057087,R,1,0,swinging_strike,,14.0,47,2,1.68,1.56
2026-07-02,2026,823442,PHI,SI,Sinker,97.5,2405.0,-1.31,1.04,-0.4303818499241119,2.1745032584837007,3.342872375,1.687057087,R,1,1,called_strike,,7.0,47,3,-15.72,12.48
2026-07-02,2026,823442,PHI,ST,Sweeper,84.9,2794.0,1.32,-0.49,0.6339789274324081,2.0128837078095856,3.342872375,1.687057087,R,1,2,hit_into_play,field_out,9.0,47,4,15.84,-5.88
2026-07-02,2026,823442,PHI,CH,Changeup,91.2,1523.0,-0.82,0.52,0.513179138438753,1.9370696189449528,3.179634186,1.604675197,L,0,0,foul,,9.0,48,1,-9.84,6.24
2026-07-02,2026,823442,PHI,CH,Changeup,90.7,1610.0,-0.69,0.45,0.1671701153095113,3.0573950406558805,3.179634186,1.604675197,L,0,1,foul,,2.0,48,2,-8.28,5.4
2026-07-02,2026,823442,PHI,FF,4-Seam Fastball,97.7,2490.0,-0.57,1.58,0.7119741143806705,3.915597961653575,3.179634186,1.604675197,L,0,2,foul,,12.0,48,3,-6.84,18.96
2026-07-02,2026,823442,PHI,SL,Slider,89.0,2408.0,0.16,0.08,1.4202202327101572,0.5297091312371087,3.179634186,1.604675197,L,0,2,foul,,14.0,48,4,1.92,0.96
2026-07-02,2026,823442,PHI,FF,4-Seam Fastball,98.9,2456.0,-0.75,1.49,-0.1724409285673793,3.5358379102663413,3.179634186,1.604675197,L,0,2,swinging_strike,strikeout,11.0,48,5,-9.0,17.88
2026-07-04,2026,824092,PHI,SI,Sinker,96.2,2332.0,-1.24,1.04,-1.4688461854492283,1.2219570767910497,3.21035105,1.620177165,R,0,0,ball,,13.0,55,1,-14.88,12.48
2026-07-04,2026,824092,PHI,SL,Slider,85.8,2611.0,0.06,-0.17,1.1750163662330702,0.593599068263964,3.21035105,1.620177165,R,1,0,swinging_strike,,14.0,55,2,0.72,-2.04
2026-07-04,2026,824092,PHI,FF,4-Seam Fastball,97.1,2439.0,-0.65,1.53,0.8937585174192374,3.982332903749936,3.21035105,1.620177165,R,1,1,ball,,12.0,55,3,-7.8,18.36
2026-07-04,2026,824092,PHI,FF,4-Seam Fastball,97.2,2459.0,-0.54,1.47,0.5855943892087224,3.880567991781602,3.21035105,1.620177165,R,2,1,swinging_strike,,12.0,55,4,-6.48,17.64
2026-07-04,2026,824092,PHI,ST,Sweeper,85.1,2701.0,1.38,-0.04,0.0473147264367823,1.8572876186952567,3.21035105,1.620177165,R,2,2,foul,,8.0,55,5,16.56,-0.48
2026-07-04,2026,824092,PHI,FF,4-Seam Fastball,97.5,2475.0,-0.68,1.5,0.4878269225842596,2.448497057394114,3.21035105,1.620177165,R,2,2,foul,,6.0,55,6,-8.16,18.0
2026-07-04,2026,824092,PHI,SI,Sinker,97.0,2454.0,-1.17,1.02,-0.3703915491981124,2.425717227736766,3.21035105,1.620177165,R,2,2,foul,,4.0,55,7,-14.04,12.24
2026-07-04,2026,824092,PHI,SL,Slider,86.5,2289.0,0.23,-0.45,-0.0339299795179171,2.5620834135284234,3.21035105,1.620177165,R,2,2,hit_into_play,single,5.0,55,8,2.76,-5.4
2026-07-04,2026,824092,PHI,FF,4-Seam Fastball,97.7,2384.0,-0.59,1.45,0.7472259843542197,2.2513740574324057,3.012885499,1.520521654,L,0,0,called_strike,,6.0,56,1,-7.08,17.4
2026-07-04,2026,824092,PHI,CH,Changeup,91.6,1642.0,-0.67,0.62,-0.6997073296189867,2.113641432860928,3.012885499,1.520521654,L,0,1,swinging_strike,,4.0,56,2,-8.04,7.44
2026-07-04,2026,824092,PHI,FF,4-Seam Fastball,97.5,2439.0,-0.46,1.58,1.7578636810208144,1.641893917219298,3.012885499,1.520521654,L,0,2,ball,,14.0,56,3,-5.52,18.96
2026-07-04,2026,824092,PHI,CH,Changeup,89.8,1600.0,-0.48,0.26,-0.6569370453088429,2.4645078340582622,3.012885499,1.520521654,L,1,2,foul,,4.0,56,4,-5.76,3.12
2026-07-04,2026,824092,PHI,FF,4-Seam Fastball,97.5,2393.0,-0.54,1.57,0.8261771655702684,2.533014672834846,3.012885499,1.520521654,L,1,2,foul,,6.0,56,5,-6.48,18.84
2026-07-04,2026,824092,PHI,FF,4-Seam Fastball,98.0,2322.0,-0.51,1.37,0.8262570377908526,3.228581283742886,3.012885499,1.520521654,L,1,2,swinging_strike,strikeout,12.0,56,6,-6.12,16.44
2026-07-04,2026,824092,PHI,CH,Changeup,90.7,1459.0,-0.62,0.37,-0.07601763282809,1.5493268038483512,3.199819554,1.614862205,L,0,0,foul,,8.0,57,1,-7.44,4.44
2026-07-04,2026,824092,PHI,FF,4-Seam Fastball,96.9,2442.0,-0.6,1.41,0.2354036351175576,2.9144250884832843,3.199819554,1.614862205,L,0,1,foul,,2.0,57,2,-7.2,16.92
2026-07-04,2026,824092,PHI,FF,4-Seam Fastball,97.8,2302.0,-0.51,1.55,-0.1587259925777493,3.830125960917176,3.199819554,1.614862205,L,0,2,swinging_strike,strikeout,11.0,57,3,-6.12,18.6
2026-07-04,2026,824092,PHI,FF,4-Seam Fastball,96.6,2422.0,-0.56,1.68,0.3586922794412384,2.676117353168836,3.365690617,1.698572835,L,0,0,swinging_strike,,6.0,58,1,-6.72,20.16
2026-07-04,2026,824092,PHI,FF,4-Seam Fastball,96.9,2417.0,-0.64,1.66,0.496306666510411,2.141043347948349,3.365690617,1.698572835,L,0,1,foul,,9.0,58,2,-7.68,19.92
2026-07-04,2026,824092,PHI,FF,4-Seam Fastball,97.8,2540.0,-0.71,1.43,-0.3176616822097955,3.1752490605875536,3.365690617,1.698572835,L,0,2,swinging_strike,strikeout,1.0,58,3,-8.52,17.16
2026-07-07,2026,824495,PHI,SI,Sinker,97.0,2311.0,-1.2,1.11,-1.0481905689407691,2.1612589641743325,3.17085794,1.600246063,R,0,0,foul,,13.0,64,1,-14.4,13.32
2026-07-07,2026,824495,PHI,SI,Sinker,96.4,2343.0,-1.28,1.07,1.2016682815077322,2.7349478379784635,3.17085794,1.600246063,R,0,1,ball,,12.0,64,2,-15.36,12.84
2026-07-07,2026,824495,PHI,SL,Slider,86.8,2628.0,0.29,-0.22,0.7329053378945224,1.6025474961076034,3.17085794,1.600246063,R,1,1,swinging_strike,,9.0,64,3,3.48,-2.64
2026-07-07,2026,824495,PHI,FF,4-Seam Fastball,96.9,2419.0,-0.56,1.55,0.266757727332923,4.552025014451244,3.17085794,1.600246063,R,1,2,ball,,12.0,64,4,-6.72,18.6
2026-07-07,2026,824495,PHI,FF,4-Seam Fastball,97.7,2442.0,-0.6,1.37,0.6663797881396012,3.319980109753056,3.17085794,1.600246063,R,2,2,ball,,12.0,64,5,-7.2,16.44
2026-07-07,2026,824495,PHI,SL,Slider,88.5,2568.0,0.11,-0.02,0.8149867266985014,0.9946022590849348,3.17085794,1.600246063,R,3,2,swinging_strike,strikeout,14.0,64,6,1.32,-0.24
2026-07-09,2026,824494,PHI,FF,4-Seam Fastball,96.4,2327.0,-0.67,1.44,-0.119732045708864,2.666671330622398,3.043602362,1.536023622,L,0,0,called_strike,,2.0,57,1,-8.04,17.28
2026-07-09,2026,824494,PHI,CH,Changeup,89.8,1466.0,-1.08,0.34,-0.0548836063792597,1.4460597320699993,3.043602362,1.536023622,L,0,1,ball,,8.0,57,2,-12.96,4.08
2026-07-09,2026,824494,PHI,CH,Changeup,91.1,1550.0,-1.14,0.3,-0.4786159635398719,1.60101351375123,3.043602362,1.536023622,L,1,1,hit_into_play,field_out,7.0,57,3,-13.68,3.6
2026-07-09,2026,824494,PHI,SL,Slider,86.8,2495.0,-0.02,-0.14,-1.5398496290503785,2.261093456087871,3.460474081,1.74640748,L,0,0,ball,,13.0,58,1,-0.24,-1.68
2026-07-09,2026,824494,PHI,FF,4-Seam Fastball,97.0,2426.0,-0.68,1.46,-1.0820050925319729,3.870969715582656,3.460474081,1.74640748,L,1,0,ball,,11.0,58,2,-8.16,17.52
2026-07-09,2026,824494,PHI,SL,Slider,87.6,2584.0,-0.06,-0.2,0.8245382801065991,1.0612285157798529,3.460474081,1.74640748,L,2,0,ball,,14.0,58,3,-0.72,-2.4
2026-07-09,2026,824494,PHI,FF,4-Seam Fastball,97.8,2553.0,-0.5,1.5,0.2744164901283559,2.8024015058933087,3.460474081,1.74640748,L,3,0,called_strike,,5.0,58,4,-6.0,18.0
2026-07-09,2026,824494,PHI,FF,4-Seam Fastball,97.2,2442.0,-0.46,1.49,0.5979248420276546,2.0756668841517665,3.460474081,1.74640748,L,3,1,foul,,9.0,58,5,-5.52,17.88
2026-07-09,2026,824494,PHI,FF,4-Seam Fastball,99.2,2338.0,-0.63,1.44,-0.5036550822813534,3.444306082751446,3.460474081,1.74640748,L,3,2,swinging_strike,strikeout,1.0,58,6,-7.56,17.28
2026-07-09,2026,824494,PHI,FF,4-Seam Fastball,98.6,2520.0,-0.73,1.52,0.706107520727583,1.633446052829287,3.239312664,1.634793307,R,0,0,ball,,9.0,59,1,-8.76,18.24
2026-07-09,2026,824494,PHI,ST,Sweeper,87.1,2739.0,1.25,-0.36,1.8652647410503933,-0.1185872887079639,3.239312664,1.634793307,R,1,0,ball,,14.0,59,2,15.0,-4.32
2026-07-09,2026,824494,PHI,SL,Slider,88.3,2508.0,0.12,0.02,0.2177941204011544,2.490856531223332,3.239312664,1.634793307,R,2,0,hit_into_play,field_out,5.0,59,3,1.44,0.24
2026-07-11,2026,824249,PHI,SI,Sinker,97.7,2344.0,-1.1,1.04,-1.5580757614225078,3.0750285613211688,3.271784777,1.651181102,R,0,0,hit_by_pitch,hit_by_pitch,11.0,61,1,-13.2,12.48
2026-07-11,2026,824249,PHI,SL,Slider,86.6,2462.0,0.29,-0.07,0.6940204550497692,3.4338243699560773,3.232291667,1.63125,R,0,0,ball,,12.0,62,1,3.48,-0.84
2026-07-11,2026,824249,PHI,SL,Slider,87.3,2502.0,0.29,-0.06,0.2352558441359044,2.224699368767345,3.232291667,1.63125,R,1,0,hit_into_play,grounded_into_double_play,5.0,62,2,3.48,-0.72
2026-07-11,2026,824249,PHI,CH,Changeup,90.8,1389.0,-1.31,0.39,-1.72928319871577,2.9900987897025604,3.303379265,1.667125984,L,0,0,ball,,11.0,63,1,-15.72,4.68
2026-07-11,2026,824249,PHI,CH,Changeup,90.9,1380.0,-0.91,0.56,-1.2296128153861416,3.2835751769670223,3.303379265,1.667125984,L,1,0,ball,,11.0,63,2,-10.92,6.72
2026-07-11,2026,824249,PHI,FF,4-Seam Fastball,97.5,2522.0,-0.68,1.48,0.0132854001321693,3.098455380163243,3.303379265,1.667125984,L,2,0,swinging_strike,,2.0,63,3,-8.16,17.76
2026-07-11,2026,824249,PHI,FF,4-Seam Fastball,98.1,2472.0,-0.55,1.33,0.4831550406959101,4.528091168699504,3.303379265,1.667125984,L,2,1,ball,,12.0,63,4,-6.6,15.96
2026-07-11,2026,824249,PHI,CH,Changeup,91.1,1450.0,-1.29,0.31,-1.308350084907995,3.2260372374416697,3.303379265,1.667125984,L,3,1,ball,walk,11.0,63,5,-15.48,3.72
2026-07-11,2026,824249,PHI,SI,Sinker,98.0,2339.0,-1.21,0.89,-0.5936474981359445,2.488544855646292,3.256865158,1.643651575,R,0,0,hit_into_play,field_out,4.0,64,1,-14.52,10.68
2026-07-12,2026,824250,PHI,SL,Slider,83.1,2477.0,0.16,-0.33,1.340789258114411,1.024213929009309,3.271784777,1.651181102,R,0,0,ball,,14.0,69,1,1.92,-3.96
2026-07-12,2026,824250,PHI,SL,Slider,84.1,2497.0,0.17,-0.25,0.2213319664741095,1.6171145227682313,3.271784777,1.651181102,R,1,0,foul,,8.0,69,2,2.04,-3.0
2026-07-12,2026,824250,PHI,SI,Sinker,94.3,2427.0,-1.28,1.06,-1.4722736737700706,2.639282894262717,3.271784777,1.651181102,R,1,1,ball,,11.0,69,3,-15.36,12.72
2026-07-12,2026,824250,PHI,FF,4-Seam Fastball,95.2,2499.0,-0.76,1.51,-0.0391794522010952,2.20945052813127,3.271784777,1.651181102,R,2,1,foul,,5.0,69,4,-9.12,18.12
2026-07-12,2026,824250,PHI,SL,Slider,86.0,2401.0,0.15,-0.18,1.3101829163117424,1.520546204341099,3.271784777,1.651181102,R,2,2,ball,,14.0,69,5,1.8,-2.16
2026-07-12,2026,824250,PHI,FF,4-Seam Fastball,95.0,2524.0,-0.59,1.3,0.4134413171186825,2.8752253578937155,3.271784777,1.651181102,R,3,2,swinging_strike,strikeout,3.0,69,6,-7.08,15.6
2026-07-12,2026,824250,PHI,FF,4-Seam Fastball,95.5,2406.0,-0.75,1.31,-0.5848549617591623,1.9920618467283968,3.27792815,1.654281496,L,0,0,called_strike,,7.0,70,1,-9.0,15.72
2026-07-12,2026,824250,PHI,CH,Changeup,89.6,1522.0,-1.04,0.35,0.99559631775405,-0.6707574904698177,3.27792815,1.654281496,L,0,1,ball,,14.0,70,2,-12.48,4.2
2026-07-12,2026,824250,PHI,CH,Changeup,89.0,1599.0,-0.77,0.62,-0.322955847178033,2.584098483242172,3.27792815,1.654281496,L,1,1,hit_into_play,field_out,4.0,70,3,-9.24,7.44
2026-07-12,2026,824250,PHI,FF,4-Seam Fastball,95.8,2359.0,-0.41,1.26,0.0543134669780672,3.49085922287634,3.303379265,1.667125984,L,0,0,swinging_strike,,12.0,71,1,-4.92,15.12
2026-07-12,2026,824250,PHI,FF,4-Seam Fastball,95.9,2287.0,-0.71,1.2,0.2208282648192928,3.242758256882086,3.303379265,1.667125984,L,0,1,foul,,2.0,71,2,-8.52,14.4
2026-07-12,2026,824250,PHI,CH,Changeup,89.7,1638.0,-0.78,0.43,-1.4787591970409628,1.4759356803897017,3.303379265,1.667125984,L,0,2,ball,,13.0,71,3,-9.36,5.16
2026-07-12,2026,824250,PHI,FF,4-Seam Fastball,96.3,2444.0,-0.65,1.53,-1.1018817423713425,3.992268971950316,3.303379265,1.667125984,L,1,2,ball,,11.0,71,4,-7.8,18.36
2026-07-12,2026,824250,PHI,FF,4-Seam Fastball,96.9,2512.0,-0.49,1.54,0.4337415918627599,3.419664186827233,3.303379265,1.667125984,L,2,2,foul,,3.0,71,5,-5.88,18.48
2026-07-12,2026,824250,PHI,SL,Slider,86.9,2446.0,0.14,-0.1,0.2966516614137214,1.4138813321462038,3.303379265,1.667125984,L,2,2,hit_into_play,field_out,14.0,71,6,1.68,-1.2
2026-07-16,2026,823440,PHI,FF,4-Seam Fastball,94.7,2462.0,-0.99,1.65,-0.861548734657697,2.948280971484356,3.136630577,1.582972441,L,0,0,called_strike,,11.0,50,1,-11.88,19.8
2026-07-16,2026,823440,PHI,CH,Changeup,88.5,1439.0,-0.91,0.64,0.2716605434372331,1.2945786755552404,3.136630577,1.582972441,L,0,1,hit_into_play,field_out,14.0,50,2,-10.92,7.68
2026-07-16,2026,823440,PHI,FF,4-Seam Fastball,96.3,2493.0,-0.95,1.42,-0.1039736478231605,1.2611027720369106,3.259498032,1.644980315,L,0,0,ball,,13.0,51,1,-11.4,17.04
2026-07-16,2026,823440,PHI,FF,4-Seam Fastball,96.2,2531.0,-1.03,1.5,-0.1945641284489492,2.4595290457032144,3.259498032,1.644980315,L,1,0,foul,,5.0,51,2,-12.36,18.0
2026-07-16,2026,823440,PHI,FF,4-Seam Fastball,97.4,2552.0,-0.95,1.37,0.2522620904916886,2.185701826949156,3.259498032,1.644980315,L,1,1,called_strike,,5.0,51,3,-11.4,16.44
2026-07-16,2026,823440,PHI,CH,Changeup,91.5,1748.0,-1.36,0.27,0.3616079685632039,1.4853047524775205,3.259498032,1.644980315,L,1,2,foul,,14.0,51,4,-16.32,3.24
2026-07-16,2026,823440,PHI,CH,Changeup,91.5,1494.0,-1.15,0.48,-0.6058128714766338,1.8598406770663856,3.259498032,1.644980315,L,1,2,foul,,7.0,51,5,-13.8,5.76
2026-07-16,2026,823440,PHI,SL,Slider,87.3,2532.0,0.13,-0.07,0.335000183074608,0.42605646269643,3.259498032,1.644980315,L,1,2,ball,,14.0,51,6,1.56,-0.84
2026-07-16,2026,823440,PHI,FF,4-Seam Fastball,98.1,2547.0,-0.84,1.78,-0.3565512732189945,2.9545829521757643,3.259498032,1.644980315,L,2,2,foul,,1.0,51,7,-10.08,21.36
2026-07-16,2026,823440,PHI,CH,Changeup,92.6,1862.0,-1.6,0.25,-0.22751514036691,-0.1569691330411771,3.259498032,1.644980315,L,2,2,ball,,13.0,51,8,-19.2,3.0
2026-07-16,2026,823440,PHI,SL,Slider,87.9,2634.0,0.12,-0.04,0.7123452669280474,1.0867382725681445,3.259498032,1.644980315,L,3,2,ball,walk,14.0,51,9,1.44,-0.48
2026-07-16,2026,823440,PHI,SL,Slider,87.5,2604.0,0.09,-0.29,0.2151409191638904,2.381193946968401,3.162081693,1.595816929,R,0,0,called_strike,,5.0,52,1,1.08,-3.48
2026-07-16,2026,823440,PHI,SI,Sinker,98.2,2417.0,-1.57,1.07,-1.1763701490187344,2.9107010294443456,3.162081693,1.595816929,R,0,1,foul,,11.0,52,2,-18.84,12.84
2026-07-16,2026,823440,PHI,ST,Sweeper,85.8,2583.0,0.93,-0.43,0.6468227557202052,0.6860550505264023,3.162081693,1.595816929,R,0,2,hit_into_play,grounded_into_double_play,14.0,52,3,11.16,-5.16
2026-07-20,2026,823436,PHI,FF,4-Seam Fastball,96.6,2317.0,-0.84,1.43,-1.085361432004097,4.748518009274042,3.382365486,1.706988189,L,0,0,ball,,11.0,60,1,-10.08,17.16
2026-07-20,2026,823436,PHI,FF,4-Seam Fastball,95.9,2407.0,-0.8,1.56,1.0629329729750625,2.06020390021816,3.382365486,1.706988189,L,1,0,hit_into_play,field_out,14.0,60,2,-9.6,18.72
2026-07-20,2026,823436,PHI,FF,4-Seam Fastball,97.0,2413.0,-1.05,1.46,-1.344309841308987,3.227386211478153,3.096259843,1.562598425,R,0,0,ball,,11.0,61,1,-12.6,17.52
2026-07-20,2026,823436,PHI,SL,Slider,86.1,2530.0,0.15,-0.06,0.5052712215961471,1.4022761944153737,3.096259843,1.562598425,R,1,0,ball,,14.0,61,2,1.8,-0.72
2026-07-20,2026,823436,PHI,FF,4-Seam Fastball,96.1,2373.0,-0.97,1.37,-0.7095583730369772,2.1303371648781493,3.096259843,1.562598425,R,2,0,hit_into_play,home_run,4.0,61,3,-11.64,16.44
2026-07-20,2026,823436,PHI,FF,4-Seam Fastball,97.2,2430.0,-0.88,1.58,-0.4524923064588457,2.2465463566203243,3.184899934,1.607332677,L,0,0,called_strike,,4.0,62,1,-10.56,18.96
2026-07-20,2026,823436,PHI,CH,Changeup,90.4,1455.0,-1.21,0.42,-0.23969834740287,0.6091801156792664,3.184899934,1.607332677,L,0,1,ball,,13.0,62,2,-14.52,5.04
2026-07-20,2026,823436,PHI,CH,Changeup,90.9,1621.0,-0.96,0.28,0.5782954419251092,1.4006285147918316,3.184899934,1.607332677,L,1,1,swinging_strike,,14.0,62,3,-11.52,3.36
2026-07-20,2026,823436,PHI,CH,Changeup,91.4,1715.0,-0.84,0.36,-0.1726148890019482,1.6546299995740668,3.184899934,1.607332677,L,1,2,hit_into_play,field_out,8.0,62,4,-10.08,4.32
2026-07-20,2026,823436,PHI,SI,Sinker,97.6,2435.0,-1.39,1.01,-1.3276816251377088,2.2309645187492326,3.199819554,1.614862205,R,0,0,hit_into_play,field_out,13.0,63,1,-16.68,12.12
2026-07-21,2026,823437,PHI,SL,Slider,85.8,2502.0,0.15,-0.2,-0.464830747277594,3.0956764179172693,3.23667979,1.633464567,R,0,0,called_strike,,1.0,59,1,1.8,-2.4
2026-07-21,2026,823437,PHI,FF,4-Seam Fastball,96.3,2444.0,-0.63,1.49,-0.7731738083163592,4.912150488457563,3.23667979,1.633464567,R,0,1,ball,,11.0,59,2,-7.56,17.88
2026-07-21,2026,823437,PHI,FF,4-Seam Fastball,95.7,2440.0,-0.51,1.56,-0.2209775446300892,4.393450774453531,3.23667979,1.633464567,R,1,1,ball,,11.0,59,3,-6.12,18.72
2026-07-21,2026,823437,PHI,SI,Sinker,96.5,2375.0,-1.21,1.04,0.3023882452029125,1.687767915330629,3.23667979,1.633464567,R,2,1,called_strike,,9.0,59,4,-14.52,12.48
2026-07-21,2026,823437,PHI,FF,4-Seam Fastball,97.1,2482.0,-0.74,1.59,-0.2770137651581229,4.284702625275962,3.23667979,1.633464567,R,2,2,ball,,11.0,59,5,-8.88,19.08
2026-07-21,2026,823437,PHI,SL,Slider,85.1,2595.0,0.22,-0.35,-0.1725150143063183,1.5080657993008084,3.23667979,1.633464567,R,3,2,swinging_strike,strikeout,13.0,59,6,2.64,-4.2
2026-07-21,2026,823437,PHI,SL,Slider,88.3,2636.0,0.21,0.07,1.3798302956421475,0.8314190474654626,3.382365486,1.706988189,L,0,0,swinging_strike,,14.0,60,1,2.52,0.84
2026-07-21,2026,823437,PHI,CH,Changeup,90.9,1793.0,-0.96,0.56,-0.2187358349891387,4.2747287414205175,3.382365486,1.706988189,L,0,1,ball,,11.0,60,2,-11.52,6.72
2026-07-21,2026,823437,PHI,SL,Slider,86.4,2552.0,0.15,-0.53,-0.2197551398482894,0.8865017741183308,3.382365486,1.706988189,L,1,1,ball,,13.0,60,3,1.8,-6.36
2026-07-21,2026,823437,PHI,SL,Slider,85.1,2537.0,0.22,-0.37,-0.2356492398326201,2.119729124661038,3.382365486,1.706988189,L,2,1,foul_tip,,8.0,60,4,2.64,-4.44
2026-07-21,2026,823437,PHI,FF,4-Seam Fastball,97.3,2475.0,-0.66,1.56,0.8478934257251479,2.8757247608606384,3.382365486,1.706988189,L,2,2,hit_into_play,field_out,12.0,60,5,-7.92,18.72
2026-07-21,2026,823437,PHI,FF,4-Seam Fastball,97.3,2139.0,-0.73,1.19,-0.3043519320182407,3.319928271021025,3.127854331,1.578543307,L,0,0,ball,,11.0,61,1,-8.76,14.28
2026-07-21,2026,823437,PHI,CH,Changeup,91.0,1539.0,-0.85,0.48,0.3283342345158969,2.8159189131893623,3.127854331,1.578543307,L,1,0,foul,,3.0,61,2,-10.2,5.76
2026-07-21,2026,823437,PHI,SL,Slider,87.2,2436.0,0.35,0.12,0.5249537545299219,2.5811236294290296,3.127854331,1.578543307,L,1,1,hit_into_play,field_out,6.0,61,3,4.2,1.44
2026-07-24,2026,823434,PHI,SI,Sinker,95.5,2133.0,-1.3,0.97,-0.9664542814005526,2.8863747420937607,3.194553806,1.612204724,R,0,0,foul,,11.0,51,1,-15.6,11.64
2026-07-24,2026,823434,PHI,FF,4-Seam Fastball,96.0,2467.0,-0.57,1.7,0.6305188247539272,3.130687673445941,3.194553806,1.612204724,R,0,1,foul,,3.0,51,2,-6.84,20.4
2026-07-24,2026,823434,PHI,SL,Slider,86.0,2560.0,0.22,-0.33,0.8102648578404399,3.475927526143784,3.194553806,1.612204724,R,0,2,ball,,12.0,51,3,2.64,-3.96
2026-07-24,2026,823434,PHI,FF,4-Seam Fastball,96.8,2459.0,-0.83,1.53,-1.1943543107850063,3.5737143595560834,3.194553806,1.612204724,R,1,2,foul,,11.0,51,4,-9.96,18.36
2026-07-24,2026,823434,PHI,FF,4-Seam Fastball,97.5,2440.0,-0.66,1.62,-0.017013966657721,3.622072326564844,3.194553806,1.612204724,R,1,2,swinging_strike,strikeout,11.0,51,5,-7.92,19.44
2026-07-24,2026,823434,PHI,FF,4-Seam Fastball,97.3,2401.0,-0.59,1.75,0.5560965152938733,3.346095374619249,3.30250164,1.666683071,R,0,0,called_strike,,3.0,52,1,-7.08,21.0
2026-07-24,2026,823434,PHI,SL,Slider,87.0,2473.0,0.27,-0.09,1.3567658436102912,0.9187500343116448,3.30250164,1.666683071,R,0,1,swinging_strike,,14.0,52,2,3.24,-1.08
2026-07-24,2026,823434,PHI,SL,Slider,86.7,2538.0,0.17,-0.35,1.0991256228926527,1.3734958133374755,3.30250164,1.666683071,R,0,2,ball,,14.0,52,3,2.04,-4.2
2026-07-24,2026,823434,PHI,SL,Slider,87.4,2594.0,0.13,-0.23,1.0183344237743237,1.7950956890766596,3.30250164,1.666683071,R,1,2,swinging_strike,strikeout,14.0,52,4,1.56,-2.76
2026-07-24,2026,823434,PHI,CH,Changeup,91.7,1534.0,-1.18,0.3,0.76416797996181,1.5953107879774042,3.280561024,1.655610236,L,0,0,ball,,9.0,53,1,-14.16,3.6
2026-07-24,2026,823434,PHI,FF,4-Seam Fastball,96.0,2416.0,-0.51,1.74,-0.2238345151003402,2.930151723570079,3.280561024,1.655610236,L,1,0,called_strike,,2.0,53,2,-6.12,20.88
2026-07-24,2026,823434,PHI,FF,4-Seam Fastball,98.6,2472.0,-0.73,1.61,0.307396167893485,2.707413513163526,3.280561024,1.655610236,L,1,1,foul,,6.0,53,3,-8.76,19.32
2026-07-24,2026,823434,PHI,ST,Sweeper,86.1,2723.0,1.21,-0.37,0.6130523784368781,0.400553201764493,3.280561024,1.655610236,L,1,2,ball,,14.0,53,4,14.52,-4.44
2026-07-24,2026,823434,PHI,SL,Slider,87.6,2617.0,0.2,-0.37,-0.9830738317147002,2.628369064372416,3.280561024,1.655610236,L,2,2,foul,,11.0,53,5,2.4,-4.44
2026-07-24,2026,823434,PHI,FF,4-Seam Fastball,97.0,2454.0,-0.49,1.63,0.1799764880305454,4.542001404696521,3.280561024,1.655610236,L,2,2,swinging_strike,strikeout,12.0,53,6,-5.88,19.56
2026-07-25,2026,823435,PHI,FF,4-Seam Fastball,95.4,2467.0,-0.66,1.62,-1.2973244695398702,3.703929251705832,3.280561024,1.655610236,L,0,0,ball,,11.0,58,1,-7.92,19.44
2026-07-25,2026,823435,PHI,CH,Changeup,89.2,1524.0,-0.88,0.45,-0.2171566516955585,2.1035180114946948,3.280561024,1.655610236,L,1,0,swinging_strike,,8.0,58,2,-10.56,5.4
2026-07-25,2026,823435,PHI,CH,Changeup,89.3,1495.0,-0.67,0.41,-0.6873971360815533,3.029998417481841,3.280561024,1.655610236,L,1,1,called_strike,,1.0,58,3,-8.04,4.92
2026-07-25,2026,823435,PHI,SL,Slider,85.7,2492.0,0.34,-0.3,0.5314739992744397,1.0302691414114342,3.280561024,1.655610236,L,1,2,swinging_strike,strikeout,14.0,58,4,4.08,-3.6
2026-07-25,2026,823435,PHI,SL,Slider,86.0,2594.0,0.3,-0.37,0.2848786685827342,2.6553991642122483,3.30250164,1.666683071,R,0,0,hit_into_play,field_out,6.0,59,1,3.6,-4.44
2026-07-25,2026,823435,PHI,CH,Changeup,89.0,1574.0,-1.1,0.18,0.5520032886201554,0.8481001098866834,3.344627625,1.687942913,L,0,0,ball,,14.0,60,1,-13.2,2.16
2026-07-25,2026,823435,PHI,FF,4-Seam Fastball,97.2,2508.0,-0.65,1.45,-0.990427044656864,3.107625968801248,3.344627625,1.687942913,L,1,0,ball,,11.0,60,2,-7.8,17.4
2026-07-25,2026,823435,PHI,CH,Changeup,89.5,1623.0,-0.76,0.25,-0.5125081375762064,2.6016793687727557,3.344627625,1.687942913,L,2,0,called_strike,,4.0,60,3,-9.12,3.0
2026-07-25,2026,823435,PHI,FF,4-Seam Fastball,98.2,2539.0,-0.62,1.54,0.1523902099785611,3.824507520661354,3.344627625,1.687942913,L,2,1,foul,,12.0,60,4,-7.44,18.48
2026-07-25,2026,823435,PHI,FF,4-Seam Fastball,98.0,2457.0,-0.51,1.37,-0.685663378237685,4.4921595729629065,3.344627625,1.687942913,L,2,2,ball,,11.0,60,5,-6.12,16.44
2026-07-25,2026,823435,PHI,SL,Slider,85.0,2524.0,0.34,-0.46,-0.1026848005775785,1.5874443931365405,3.344627625,1.687942913,L,3,2,hit_into_play,double,8.0,60,6,4.08,-5.52
2026-07-25,2026,823435,PHI,FF,4-Seam Fastball,98.0,2525.0,-0.62,1.53,-0.8461039254534561,3.2363342180491843,3.138385827,1.583858268,L,0,0,ball,,11.0,61,1,-7.44,18.36
2026-07-25,2026,823435,PHI,FF,4-Seam Fastball,98.3,2505.0,-0.67,1.54,0.0366778503898855,3.534787263574543,3.138385827,1.583858268,L,1,0,swinging_strike,,12.0,61,2,-8.04,18.48
2026-07-25,2026,823435,PHI,CH,Changeup,90.5,1457.0,-0.68,0.31,0.041120378042219,1.3158001857249508,3.138385827,1.583858268,L,1,1,foul_tip,,14.0,61,3,-8.16,3.72
2026-07-25,2026,823435,PHI,FF,4-Seam Fastball,98.2,2490.0,-0.64,1.54,1.1765822428114434,3.148446425387013,3.138385827,1.583858268,L,1,2,ball,,12.0,61,4,-7.68,18.48
2026-07-25,2026,823435,PHI,FF,4-Seam Fastball,97.8,2492.0,-0.77,1.61,0.1151597569345364,2.8597364645735737,3.138385827,1.583858268,L,2,2,foul,,2.0,61,5,-9.24,19.32
2026-07-25,2026,823435,PHI,CH,Changeup,91.1,1475.0,-1.17,0.22,-1.1041797256751282,3.017468613677766,3.138385827,1.583858268,L,2,2,ball,,11.0,61,6,-14.04,2.64
2026-07-25,2026,823435,PHI,CH,Changeup,91.0,1420.0,-1.02,0.51,-0.3233001806522197,2.1831387860891045,3.138385827,1.583858268,L,3,2,hit_into_play,field_out,4.0,61,7,-12.24,6.12
2026-07-27,2026,823839,PHI,FF,4-Seam Fastball,94.5,2418.0,-0.84,1.48,-0.6903527577950657,2.108552649368174,3.295480643,1.663139764,L,0,0,called_strike,,7.0,61,1,-10.08,17.76
2026-07-27,2026,823839,PHI,FF,4-Seam Fastball,95.3,2434.0,-0.77,1.57,-0.0173968107850644,4.278258614791379,3.295480643,1.663139764,L,0,1,ball,,11.0,61,2,-9.24,18.84
2026-07-27,2026,823839,PHI,CH,Changeup,88.4,1502.0,-1.01,0.31,0.5066633621557413,2.2482694860124326,3.295480643,1.663139764,L,1,1,hit_into_play,field_out,6.0,61,3,-12.12,3.72
2026-07-27,2026,823839,PHI,SL,Slider,87.0,2487.0,0.24,0.1,1.2193675335416905,2.532992346560111,3.178756562,1.604232283,R,0,0,ball,,12.0,62,1,2.88,1.2
2026-07-27,2026,823839,PHI,FF,4-Seam Fastball,95.5,2415.0,-0.54,1.69,0.6744561985685347,3.6082628102188616,3.178756562,1.604232283,R,1,0,swinging_strike,,12.0,62,2,-6.48,20.28
2026-07-27,2026,823839,PHI,FF,4-Seam Fastball,96.2,2505.0,-0.74,1.71,-0.1993961703734367,3.5980651132374164,3.178756562,1.604232283,R,1,1,foul,,11.0,62,3,-8.88,20.52
2026-07-27,2026,823839,PHI,FF,4-Seam Fastball,97.0,2428.0,-0.43,1.45,0.8574300457250429,2.8260488366571948,3.178756562,1.604232283,R,1,2,foul,,12.0,62,4,-5.16,17.4
2026-07-27,2026,823839,PHI,SL,Slider,88.6,2514.0,0.32,0.0,2.060246282417401,1.6387897243864389,3.178756562,1.604232283,R,1,2,ball,,14.0,62,5,3.84,0.0
2026-07-27,2026,823839,PHI,ST,Sweeper,84.1,2637.0,1.18,0.0,0.1142073308721771,3.2271370821313465,3.178756562,1.604232283,R,2,2,foul,,2.0,62,6,14.16,0.0
2026-07-27,2026,823839,PHI,FF,4-Seam Fastball,97.4,2541.0,-0.52,1.55,0.1704782653402077,3.025066158765551,3.178756562,1.604232283,R,2,2,swinging_strike,strikeout,2.0,62,7,-6.24,18.6
2026-07-27,2026,823839,PHI,SL,Slider,87.7,2542.0,0.18,-0.04,0.6875139251113095,1.5894608839139193,3.055011483,1.541781496,L,0,0,swinging_strike,,9.0,63,1,2.16,-0.48
2026-07-27,2026,823839,PHI,CH,Changeup,90.4,1536.0,-1.21,0.29,-0.4266376602672688,0.9553270556896276,3.055011483,1.541781496,L,0,1,swinging_strike,,13.0,63,2,-14.52,3.48
2026-07-27,2026,823839,PHI,CH,Changeup,90.8,1527.0,-0.94,0.32,-1.1686982499026757,1.7178769483348493,3.055011483,1.541781496,L,0,2,ball,,13.0,63,3,-11.28,3.84
2026-07-27,2026,823839,PHI,FF,4-Seam Fastball,97.4,2525.0,-0.68,1.55,0.3900885649334364,3.1688307198960555,3.055011483,1.541781496,L,1,2,hit_into_play,field_out,3.0,63,4,-8.16,18.6
2026-07-29,2026,823837,PHI,FF,4-Seam Fastball,94.7,2216.0,-1.05,1.5,-1.778473828866402,4.373295239364422,3.295480643,1.663139764,L,0,0,ball,,11.0,67,1,-12.6,18.0
2026-07-29,2026,823837,PHI,FF,4-Seam Fastball,94.4,2297.0,-0.95,1.48,-1.223511372385576,3.763434387912856,3.295480643,1.663139764,L,1,0,ball,,11.0,67,2,-11.4,17.76
2026-07-29,2026,823837,PHI,SL,Slider,84.2,2476.0,0.25,-0.14,-0.1258885948791041,1.5192034064810116,3.295480643,1.663139764,L,2,0,ball,,13.0,67,3,3.0,-1.68
2026-07-29,2026,823837,PHI,FF,4-Seam Fastball,95.6,2309.0,-0.84,1.56,0.0470479113588883,2.8510221910918965,3.295480643,1.663139764,L,3,0,foul_tip,,2.0,67,4,-10.08,18.72
2026-07-29,2026,823837,PHI,FF,4-Seam Fastball,95.7,2322.0,-0.59,1.61,0.1139556357995086,3.369464595791003,3.295480643,1.663139764,L,3,1,swinging_strike,,2.0,67,5,-7.08,19.32
2026-07-29,2026,823837,PHI,FF,4-Seam Fastball,96.6,2309.0,-0.82,1.56,-0.3774565736665044,2.878582844391322,3.295480643,1.663139764,L,3,2,foul,,1.0,67,6,-9.84,18.72
2026-07-29,2026,823837,PHI,FF,4-Seam Fastball,96.8,2468.0,-0.67,1.58,-0.5180315107278697,3.9563642415229303,3.295480643,1.663139764,L,3,2,ball,walk,11.0,67,7,-8.04,18.96
2026-07-29,2026,823837,PHI,FF,4-Seam Fastball,95.5,2363.0,-0.75,1.59,-0.2547147505596459,2.6975460831148417,3.165592192,1.597588583,R,0,0,foul_bunt,,2.0,68,1,-9.0,19.08
2026-07-29,2026,823837,PHI,FF,4-Seam Fastball,94.3,2345.0,-0.85,1.62,-0.1101585587684645,3.179214121088145,3.165592192,1.597588583,R,0,1,foul_bunt,,2.0,68,2,-10.2,19.44
2026-07-29,2026,823837,PHI,ST,Sweeper,82.9,2560.0,1.23,-0.03,0.9571439867144812,2.3257131072375787,3.165592192,1.597588583,R,0,2,foul_bunt,strikeout,14.0,68,3,14.76,-0.36
2026-07-29,2026,823837,PHI,FF,4-Seam Fastball,96.1,2315.0,-0.75,1.53,-0.974250251736573,3.3545127803249564,3.234046916,1.632135827,L,0,0,ball,,11.0,69,1,-9.0,18.36
2026-07-29,2026,823837,PHI,CH,Changeup,88.6,1524.0,-0.76,0.5,-0.0330543839855954,2.415758142760864,3.234046916,1.632135827,L,1,0,hit_into_play,home_run,5.0,69,2,-9.12,6.0
2026-07-29,2026,823837,PHI,SL,Slider,87.1,2574.0,0.23,-0.06,0.49713324463316,1.3986346962219205,3.212106299,1.621062992,L,0,0,called_strike,,14.0,70,1,2.76,-0.72
2026-07-29,2026,823837,PHI,FF,4-Seam Fastball,95.7,2507.0,-0.98,1.65,-0.5823049015232105,3.446453077958698,3.212106299,1.621062992,L,0,1,called_strike,,11.0,70,2,-11.76,19.8
2026-07-29,2026,823837,PHI,FF,4-Seam Fastball,97.1,2522.0,-0.83,1.53,-0.430779369325668,3.6573019496212495,3.212106299,1.621062992,L,0,2,ball,,11.0,70,3,-9.96,18.36
2026-07-29,2026,823837,PHI,SL,Slider,86.8,2454.0,0.18,-0.03,-0.1701769560990865,1.4010567839043873,3.212106299,1.621062992,L,1,2,hit_into_play,field_out,13.0,70,4,2.16,-0.36
2026-07-29,2026,823837,PHI,SL,Slider,85.2,2409.0,0.31,-0.3,-0.2558379117518611,3.249345105096656,3.136630577,1.582972441,R,0,0,called_strike,,2.0,71,1,3.72,-3.6
2026-07-29,2026,823837,PHI,SL,Slider,85.8,2522.0,0.21,-0.36,0.2877696787830052,2.279981630356945,3.136630577,1.582972441,R,0,1,hit_into_play,field_out,6.0,71,2,2.52,-4.32
2026-08-01,2026,824808,PHI,FF,4-Seam Fastball,96.3,2398.0,-0.78,1.54,0.2311213033034828,1.848212650682388,3.168225066,1.598917323,L,0,0,called_strike,,8.0,54,1,-9.36,18.48
2026-08-01,2026,824808,PHI,FF,4-Seam Fastball,96.5,2421.0,-0.76,1.47,0.3422740992323237,3.288410021403408,3.168225066,1.598917323,L,0,1,foul,,3.0,54,2,-9.12,17.64
2026-08-01,2026,824808,PHI,CH,Changeup,91.4,1779.0,-1.12,0.32,-1.925766743535818,3.848703234865926,3.168225066,1.598917323,L,0,2,ball,,11.0,54,3,-13.44,3.84
2026-08-01,2026,824808,PHI,FF,4-Seam Fastball,97.1,2436.0,-0.56,1.6,-0.2869133333027919,3.842653414692335,3.168225066,1.598917323,L,1,2,swinging_strike,strikeout,11.0,54,4,-6.72,19.2
2026-08-01,2026,824808,PHI,SL,Slider,87.2,2505.0,0.23,0.0,1.2022853211459223,1.541995984894652,3.18402231,1.606889764,R,0,0,ball,,14.0,55,1,2.76,0.0
2026-08-01,2026,824808,PHI,SL,Slider,87.1,2592.0,0.09,-0.26,-0.0495696265400016,2.0403260607172795,3.18402231,1.606889764,R,1,0,called_strike,,8.0,55,2,1.08,-3.12
2026-08-01,2026,824808,PHI,FF,4-Seam Fastball,98.0,2453.0,-0.4,1.6,1.9534439001911716,3.4911437247732477,3.18402231,1.606889764,R,1,1,ball,,12.0,55,3,-4.8,19.2
2026-08-01,2026,824808,PHI,FF,4-Seam Fastball,98.3,2428.0,-0.33,1.6,0.4005056111819733,3.748796947167498,3.18402231,1.606889764,R,2,1,swinging_strike,,12.0,55,4,-3.96,19.2
2026-08-01,2026,824808,PHI,ST,Sweeper,86.6,2717.0,1.21,-0.02,1.3205675217701212,-0.0666878323024646,3.18402231,1.606889764,R,2,2,ball,,14.0,55,5,14.52,-0.24
2026-08-01,2026,824808,PHI,FF,4-Seam Fastball,97.4,2327.0,-0.59,1.47,-0.1922502883744247,3.011448919153888,3.18402231,1.606889764,R,3,2,called_strike,strikeout,2.0,55,6,-7.08,17.64
2026-08-01,2026,824808,PHI,FF,4-Seam Fastball,97.6,2357.0,-0.57,1.34,0.7585538042550127,1.7496687869283258,3.417470472,1.724704724,L,0,0,called_strike,,9.0,56,1,-6.84,16.08
2026-08-01,2026,824808,PHI,CH,Changeup,91.3,1554.0,-1.18,0.26,-1.050009027662202,0.4014591761169579,3.417470472,1.724704724,L,0,1,swinging_strike,,13.0,56,2,-14.16,3.12
2026-08-01,2026,824808,PHI,FF,4-Seam Fastball,99.3,2448.0,-0.67,1.52,0.1817171850994261,2.935423371892003,3.417470472,1.724704724,L,0,2,foul,,2.0,56,3,-8.04,18.24
2026-08-01,2026,824808,PHI,FF,4-Seam Fastball,98.0,2509.0,-0.71,1.48,0.0714012639382419,2.3580031273484665,3.417470472,1.724704724,L,0,2,foul,,5.0,56,4,-8.52,17.76
2026-08-01,2026,824808,PHI,CH,Changeup,92.1,1739.0,-1.22,0.26,-0.8387341848627412,2.303203882503589,3.417470472,1.724704724,L,0,2,hit_into_play,single,13.0,56,5,-14.64,3.12
2026-08-01,2026,824808,PHI,FF,4-Seam Fastball,98.4,2416.0,-0.53,1.48,1.1383182501444549,1.7597251631476962,3.190165682,1.609990158,R,0,0,ball,,14.0,57,1,-6.36,17.76
2026-08-01,2026,824808,PHI,SL,Slider,88.5,2670.0,0.26,-0.2,0.7679695557738788,0.2975812710393133,3.190165682,1.609990158,R,1,0,blocked_ball,,14.0,57,2,3.12,-2.4
2026-08-01,2026,824808,PHI,SL,Slider,87.2,2584.0,0.27,0.01,0.0242071954379335,2.916270033900688,3.190165682,1.609990158,R,2,0,called_strike,,2.0,57,3,3.24,0.12
2026-08-01,2026,824808,PHI,SL,Slider,88.3,2418.0,0.29,-0.16,0.1401535440528555,1.6596662529261097,3.190165682,1.609990158,R,2,1,called_strike,,8.0,57,4,3.48,-1.92
2026-08-01,2026,824808,PHI,ST,Sweeper,86.1,2626.0,1.3,0.14,1.9292283387987548,1.6053807074342363,3.190165682,1.609990158,R,2,2,ball,,14.0,57,5,15.6,1.68
2026-08-01,2026,824808,PHI,SL,Slider,88.0,2570.0,0.37,-0.19,-1.0913536183798405,2.801880585119312,3.190165682,1.609990158,R,3,2,foul,,11.0,57,6,4.44,-2.28
2026-08-01,2026,824808,PHI,SL,Slider,87.8,2622.0,0.06,-0.1,0.3698344246367773,1.5157394450100878,3.190165682,1.609990158,R,3,2,called_strike,strikeout,9.0,57,7,0.72,-1.2
2026-08-05,2026,823429,PHI,SI,Sinker,94.7,2267.0,-1.37,0.83,-1.736952269074417,2.802569478977845,3.165592192,1.597588583,R,0,0,ball,,11.0,59,1,-16.44,9.96
2026-08-05,2026,823429,PHI,SI,Sinker,94.7,2128.0,-1.28,1.0,-0.3185072940539331,2.183966720548935,3.165592192,1.597588583,R,1,0,called_strike,,4.0,59,2,-15.36,12.0
2026-08-05,2026,823429,PHI,ST,Sweeper,82.0,2584.0,1.18,-0.66,-0.0687424734163874,1.542642783522961,3.165592192,1.597588583,R,1,1,called_strike,,8.0,59,3,14.16,-7.92
2026-08-05,2026,823429,PHI,FF,4-Seam Fastball,96.1,2474.0,-0.63,1.42,0.1227142593693081,3.882792258268265,3.165592192,1.597588583,R,1,2,swinging_strike,strikeout,12.0,59,4,-7.56,17.04
2026-08-05,2026,823429,PHI,FF,4-Seam Fastball,96.3,2442.0,-0.69,1.33,1.0694280584844318,3.326635101651449,3.180511811,1.60511811,L,0,0,ball,,12.0,60,1,-8.28,15.96
2026-08-05,2026,823429,PHI,CH,Changeup,90.2,1617.0,-1.0,0.34,0.0733739451741326,2.4870956439040603,3.180511811,1.60511811,L,1,0,hit_into_play,field_out,5.0,60,2,-12.0,4.08
2026-08-05,2026,823429,PHI,FF,4-Seam Fastball,96.6,2477.0,-0.68,1.39,0.2618155919749306,4.071644191541197,3.175246063,1.60246063,L,0,0,ball,,12.0,61,1,-8.16,16.68
2026-08-05,2026,823429,PHI,FF,4-Seam Fastball,96.9,2423.0,-0.58,1.35,-0.4875999760973292,4.343361728192836,3.175246063,1.60246063,L,1,0,ball,,11.0,61,2,-6.96,16.2
2026-08-05,2026,823429,PHI,FF,4-Seam Fastball,97.0,2545.0,-0.86,1.4,-0.2113596937198228,2.80302086038263,3.175246063,1.60246063,L,2,0,foul,,2.0,61,3,-10.32,16.8
2026-08-05,2026,823429,PHI,CH,Changeup,90.1,1723.0,-0.65,0.56,-0.1834841005445957,3.998294611370577,3.175246063,1.60246063,L,2,1,ball,,11.0,61,4,-7.8,6.72
2026-08-05,2026,823429,PHI,CH,Changeup,90.3,1698.0,-1.04,0.22,-1.3988245372647246,2.3230420095066884,3.175246063,1.60246063,L,3,1,ball,walk,13.0,61,5,-12.48,2.64
2026-08-05,2026,823429,PHI,SI,Sinker,97.2,2149.0,-1.39,0.76,-0.0236364458581839,3.147384614521884,3.205085302,1.617519685,R,0,0,foul,,2.0,62,1,-16.68,9.12
2026-08-05,2026,823429,PHI,SI,Sinker,96.1,2312.0,-1.29,0.96,0.7548541476688526,1.808581701742637,3.205085302,1.617519685,R,0,1,ball,,9.0,62,2,-15.48,11.52
2026-08-05,2026,823429,PHI,FF,4-Seam Fastball,96.6,2231.0,-0.54,1.18,0.5741001336685791,3.1656743440462214,3.205085302,1.617519685,R,1,1,foul,,3.0,62,3,-6.48,14.16
2026-08-05,2026,823429,PHI,SL,Slider,86.9,2564.0,0.13,-0.3,0.9604602384886564,0.750915486402659,3.205085302,1.617519685,R,1,2,swinging_strike_blocked,strikeout,14.0,62,4,1.56,-3.6
2026-08-06,2026,823430,PHI,FF,4-Seam Fastball,95.4,2340.0,-0.59,1.59,0.0384823296114191,3.634363495741868,3.180511811,1.60511811,L,0,0,swinging_strike,,12.0,67,1,-7.08,19.08
2026-08-06,2026,823430,PHI,FF,4-Seam Fastball,95.9,2343.0,-0.56,1.63,-0.9544141645155804,3.846335131898878,3.180511811,1.60511811,L,0,1,ball,,11.0,67,2,-6.72,19.56
2026-08-06,2026,823430,PHI,FF,4-Seam Fastball,95.5,2373.0,-0.43,1.68,-0.1006349595108611,2.793961483016792,3.180511811,1.60511811,L,1,1,foul,,2.0,67,3,-5.16,20.16
2026-08-06,2026,823430,PHI,SL,Slider,85.9,2442.0,0.19,0.09,-0.1886334831088463,2.157089636730636,3.180511811,1.60511811,L,1,2,hit_into_play,field_out,5.0,67,4,2.28,1.08
2026-08-06,2026,823430,PHI,FF,4-Seam Fastball,96.6,2229.0,-0.67,1.33,-0.3987817078356147,3.1103606184962422,3.140141076,1.584744095,L,0,0,called_strike,,1.0,68,1,-8.04,15.96
2026-08-06,2026,823430,PHI,CH,Changeup,90.4,1766.0,-1.13,0.13,-0.7458234861408022,1.688814302905682,3.140141076,1.584744095,L,0,1,swinging_strike,,7.0,68,2,-13.56,1.56
2026-08-06,2026,823430,PHI,FF,4-Seam Fastball,96.9,2242.0,-0.81,1.29,0.2430145299868881,3.1896085832012515,3.140141076,1.584744095,L,0,2,swinging_strike,strikeout,2.0,68,3,-9.72,15.48
2026-08-06,2026,823430,PHI,FF,4-Seam Fastball,97.4,2174.0,-0.82,1.28,-0.1079710950167526,2.458938013546271,3.045357612,1.536909449,L,0,0,foul,,5.0,69,1,-9.84,15.36
2026-08-06,2026,823430,PHI,SL,Slider,87.9,2344.0,0.08,0.02,0.1158552863049684,2.463259129716663,3.045357612,1.536909449,L,0,1,called_strike,,5.0,69,2,0.96,0.24
2026-08-06,2026,823430,PHI,CH,Changeup,90.6,1567.0,-0.82,0.48,-0.6772050345528419,2.1064526181300547,3.045357612,1.536909449,L,0,2,hit_into_play,field_out,4.0,69,3,-9.84,5.76
2026-08-08,2026,823426,PHI,SL,Slider,86.4,2526.0,0.07,0.07,-0.0951517572068309,2.522699222676485,3.255987533,1.643208661,R,0,0,swinging_strike,,5.0,52,1,0.84,0.84
2026-08-08,2026,823426,PHI,SI,Sinker,95.8,2055.0,-1.25,1.02,-1.0347374500990247,2.0433752942138623,3.255987533,1.643208661,R,0,1,foul,,13.0,52,2,-15.0,12.24
2026-08-08,2026,823426,PHI,ST,Sweeper,85.4,2624.0,1.71,-0.23,2.0275349560467117,1.8106063401077743,3.255987533,1.643208661,R,0,2,ball,,14.0,52,3,20.52,-2.76
2026-08-08,2026,823426,PHI,SL,Slider,87.5,2530.0,0.14,-0.14,1.1933901786983163,0.3982580740275359,3.255987533,1.643208661,R,1,2,blocked_ball,,14.0,52,4,1.68,-1.68
2026-08-08,2026,823426,PHI,SL,Slider,88.4,2290.0,0.24,-0.09,0.6020618552469164,-0.125240721078693,3.255987533,1.643208661,R,2,2,swinging_strike_blocked,strikeout,14.0,52,5,2.88,-1.08
2026-08-08,2026,823426,PHI,FF,4-Seam Fastball,97.5,2402.0,-0.68,1.51,0.008409100101184,3.175421790944946,3.073441601,1.551082677,R,0,0,called_strike,,2.0,53,1,-8.16,18.12
2026-08-08,2026,823426,PHI,SI,Sinker,98.1,2068.0,-1.22,0.75,-1.2668371784170909,2.673267713770672,3.073441601,1.551082677,R,0,1,hit_into_play,field_out,11.0,53,2,-14.64,9.0
2026-08-08,2026,823426,PHI,SL,Slider,88.5,2422.0,0.08,-0.08,-0.0219177576784689,1.7885316727825078,3.163836942,1.596702756,L,0,0,hit_into_play,field_out,8.0,54,1,0.96,-0.96
2026-08-10,2026,823018,PHI,FF,4-Seam Fastball,95.9,2618.0,-0.7,1.59,0.6267085333003698,3.28966386917494,3.096259843,1.562598425,L,0,0,ball,,12.0,78,1,-8.4,19.08
2026-08-10,2026,823018,PHI,CH,Changeup,89.6,1586.0,-1.35,0.38,-1.0099953342690562,2.681926338590087,3.096259843,1.562598425,L,1,0,ball,,11.0,78,2,-16.2,4.56
2026-08-10,2026,823018,PHI,FF,4-Seam Fastball,96.4,2618.0,-0.72,1.51,-0.215832046444939,2.7563305706035,3.096259843,1.562598425,L,2,0,foul,,2.0,78,3,-8.64,18.12
2026-08-10,2026,823018,PHI,SL,Slider,85.4,2446.0,0.2,-0.18,-0.7944392427337195,2.93019557578876,3.096259843,1.562598425,L,2,1,called_strike,,1.0,78,4,2.4,-2.16
2026-08-10,2026,823018,PHI,CH,Changeup,90.8,1641.0,-1.23,0.39,0.5617127609002774,1.2550830170353304,3.096259843,1.562598425,L,2,2,swinging_strike,strikeout,14.0,78,5,-14.76,4.68
2026-08-10,2026,823018,PHI,FF,4-Seam Fastball,96.7,2466.0,-0.55,1.63,0.4447571204967437,2.1549398065429437,3.173490814,1.601574803,R,0,0,called_strike,,6.0,79,1,-6.6,19.56
2026-08-10,2026,823018,PHI,SI,Sinker,96.5,2484.0,-1.3,0.99,-0.8878414030412185,2.1822656028313494,3.173490814,1.601574803,R,0,1,foul,,13.0,79,2,-15.6,11.88
2026-08-10,2026,823018,PHI,FF,4-Seam Fastball,96.7,2414.0,-0.42,1.41,1.8257991123134576,4.658270075440555,3.173490814,1.601574803,R,0,2,ball,,12.0,79,3,-5.04,16.92
2026-08-10,2026,823018,PHI,FF,4-Seam Fastball,96.9,2420.0,-0.76,1.44,-0.271010876300233,2.6367673429383105,3.173490814,1.601574803,R,1,2,hit_into_play,field_out,5.0,79,4,-9.12,17.28
2026-08-10,2026,823018,PHI,FF,4-Seam Fastball,98.2,2449.0,-0.71,1.29,-0.8067513628838736,3.153258335551503,3.215616798,1.622834646,L,0,0,hit_into_play,field_out,1.0,80,1,-8.52,15.48
2026-08-13,2026,823669,PHI,FF,4-Seam Fastball,96.0,2321.0,-0.82,1.51,-1.3307063049262051,3.329569625623113,3.324,1.677,L,0,0,ball,,11.0,64,1,-9.84,18.12
2026-08-13,2026,823669,PHI,FF,4-Seam Fastball,96.2,2483.0,-0.8,1.5,-0.7532770478531152,2.4629218861222517,3.324,1.677,L,1,0,hit_into_play,field_out,4.0,64,2,-9.6,18.0
2026-08-13,2026,823669,PHI,SI,Sinker,96.4,2278.0,-1.13,1.21,-0.1438023151571856,2.9855539396776334,3.258,1.644,R,0,0,foul,,2.0,65,1,-13.56,14.52
2026-08-13,2026,823669,PHI,SL,Slider,86.4,2393.0,0.11,-0.11,1.4511967504668346,1.77654579114202,3.258,1.644,R,0,1,ball,,14.0,65,2,1.32,-1.32
2026-08-13,2026,823669,PHI,SL,Slider,86.8,2676.0,0.2,-0.17,1.1568795624043966,1.7283077312357218,3.258,1.644,R,1,1,ball,,14.0,65,3,2.4,-2.04
2026-08-13,2026,823669,PHI,ST,Sweeper,82.9,2666.0,1.32,-0.38,1.646732518819089,0.7868223469670408,3.258,1.644,R,2,1,ball,,14.0,65,4,15.84,-4.56
2026-08-13,2026,823669,PHI,FF,4-Seam Fastball,97.4,2363.0,-0.67,1.29,0.5155190924013572,2.600952336745462,3.258,1.644,R,3,1,called_strike,,6.0,65,5,-8.04,15.48
2026-08-13,2026,823669,PHI,SL,Slider,86.7,2403.0,-0.02,-0.15,0.4780237733244339,1.6093982795644557,3.258,1.644,R,3,2,hit_into_play,field_out,9.0,65,6,-0.24,-1.8
2026-08-13,2026,823669,PHI,SI,Sinker,97.4,2233.0,-1.17,0.87,0.0538255938671883,2.185786842331796,3.285,1.658,R,0,0,hit_into_play,single,5.0,66,1,-14.04,10.44
2026-08-13,2026,823669,PHI,FF,4-Seam Fastball,97.7,2441.0,-0.69,1.49,-0.3458437958562276,3.953277891227408,3.335,1.683,L,0,0,foul,,11.0,67,1,-8.28,17.88
2026-08-13,2026,823669,PHI,CH,Changeup,91.7,1630.0,-1.42,0.24,-1.0904601040292137,1.1000048163953746,3.335,1.683,L,0,1,ball,,13.0,67,2,-17.04,2.88
2026-08-13,2026,823669,PHI,CH,Changeup,90.7,1580.0,-1.39,0.28,-0.9482825496526832,2.6758827442179745,3.335,1.683,L,1,1,hit_into_play,field_out,11.0,67,3,-16.68,3.36
2026-08-16,2026,823670,PHI,FF,4-Seam Fastball,95.9,2366.0,-0.83,1.29,-0.7513309268870579,2.646644132461028,3.334973753,1.683070866,L,0,0,foul,,4.0,67,1,-9.96,15.48
2026-08-16,2026,823670,PHI,FF,4-Seam Fastball,95.9,2495.0,-0.84,1.58,0.1201594912209746,2.7922346130242097,3.334973753,1.683070866,L,0,1,swinging_strike,,5.0,67,2,-10.08,18.96
2026-08-16,2026,823670,PHI,FF,4-Seam Fastball,96.8,2511.0,-0.85,1.45,0.1820642983789884,3.8972533901903454,3.334973753,1.683070866,L,0,2,foul_tip,strikeout,12.0,67,3,-10.2,17.4
2026-08-16,2026,823670,PHI,FF,4-Seam Fastball,97.4,2474.0,-0.83,1.46,0.3123382952049282,2.5301893731143226,3.211228675,1.620620079,L,0,0,called_strike,,6.0,68,1,-9.96,17.52
2026-08-16,2026,823670,PHI,CH,Changeup,91.1,1697.0,-1.25,0.59,-1.133049669732506,2.1097686709476857,3.211228675,1.620620079,L,0,1,foul,,13.0,68,2,-15.0,7.08
2026-08-16,2026,823670,PHI,FF,4-Seam Fastball,97.5,2413.0,-0.71,1.44,-0.8043968025881549,3.702824902770185,3.211228675,1.620620079,L,0,2,foul_tip,strikeout,11.0,68,3,-8.52,17.28
2026-08-16,2026,823670,PHI,FF,4-Seam Fastball,98.4,2430.0,-0.72,1.41,0.7095828135609971,3.905483299045629,3.205085302,1.617519685,R,0,0,ball,,12.0,69,1,-8.64,16.92
2026-08-16,2026,823670,PHI,FF,4-Seam Fastball,97.8,2511.0,-0.49,1.45,0.537584608755134,3.734796122314009,3.205085302,1.617519685,R,1,0,ball,,12.0,69,2,-5.88,17.4
2026-08-16,2026,823670,PHI,FF,4-Seam Fastball,97.9,2517.0,-0.53,1.42,0.2739919842299064,2.644660579977641,3.205085302,1.617519685,R,2,0,called_strike,,5.0,69,3,-6.36,17.04
2026-08-16,2026,823670,PHI,ST,Sweeper,86.3,2764.0,1.03,0.12,1.4968207286845694,0.3649411618239937,3.205085302,1.617519685,R,2,1,ball,,14.0,69,4,12.36,1.44
2026-08-16,2026,823670,PHI,FF,4-Seam Fastball,98.0,2531.0,-0.56,1.47,-0.2923677707677556,4.500883345054638,3.205085302,1.617519685,R,3,1,ball,walk,11.0,69,5,-6.72,17.64
2026-08-16,2026,823670,PHI,CH,Changeup,89.6,1611.0,-1.3,0.11,-1.124989359310805,1.4688671983468948,3.208595801,1.619291339,L,0,0,swinging_strike,,13.0,70,1,-15.6,1.32
2026-08-16,2026,823670,PHI,FF,4-Seam Fastball,98.6,2455.0,-0.75,1.47,0.0871609556504887,2.5571528021901164,3.208595801,1.619291339,L,0,1,foul,,5.0,70,2,-9.0,17.64
2026-08-16,2026,823670,PHI,CH,Changeup,91.1,1725.0,-0.87,0.57,-0.3097949840971205,1.4046752148299575,3.208595801,1.619291339,L,0,2,hit_into_play,force_out,13.0,70,3,-10.44,6.84
2026-08-17,2026,823427,PHI,FF,4-Seam Fastball,94.9,2335.0,-0.88,1.58,-1.5216729252921364,3.178815324894652,3.212106299,1.621062992,L,0,0,ball,,11.0,58,1,-10.56,18.96
2026-08-17,2026,823427,PHI,FF,4-Seam Fastball,96.0,2445.0,-0.85,1.49,-0.7977962180725159,3.1437725215846584,3.212106299,1.621062992,L,1,0,called_strike,,1.0,58,2,-10.2,17.88
2026-08-17,2026,823427,PHI,FF,4-Seam Fastball,96.0,2360.0,-0.89,1.45,-0.7583715527253441,3.0456547800100795,3.212106299,1.621062992,L,1,1,called_strike,,1.0,58,3,-10.68,17.4
2026-08-17,2026,823427,PHI,FF,4-Seam Fastball,96.5,2367.0,-0.88,1.53,-0.6671706771733892,3.635872201342961,3.212106299,1.621062992,L,1,2,ball,,11.0,58,4,-10.56,18.36
2026-08-17,2026,823427,PHI,SL,Slider,87.1,2567.0,0.04,-0.02,0.5309103840621457,-0.3192283275926377,3.212106299,1.621062992,L,2,2,ball,,14.0,58,5,0.48,-0.24
2026-08-17,2026,823427,PHI,FF,4-Seam Fastball,97.6,2377.0,-0.8,1.53,-0.4680629539809591,3.233348505968613,3.212106299,1.621062992,L,3,2,swinging_strike,strikeout,1.0,58,6,-9.6,18.36
2026-08-17,2026,823427,PHI,FF,4-Seam Fastball,97.9,2259.0,-0.71,1.43,-0.1614846188735879,3.864671243903579,3.178756562,1.604232283,R,0,0,ball,,11.0,59,1,-8.52,17.16
2026-08-17,2026,823427,PHI,FF,4-Seam Fastball,97.8,2350.0,-0.71,1.58,-0.738702281607513,4.222036881999657,3.178756562,1.604232283,R,1,0,ball,,11.0,59,2,-8.52,18.96
2026-08-17,2026,823427,PHI,FF,4-Seam Fastball,97.3,2268.0,-0.74,1.41,-0.2833069865101559,2.641903180033488,3.178756562,1.604232283,R,2,0,swinging_strike,,4.0,59,3,-8.88,16.92
2026-08-17,2026,823427,PHI,FF,4-Seam Fastball,97.4,2262.0,-0.63,1.35,0.4697973827573483,3.1459425309692755,3.178756562,1.604232283,R,2,1,foul,,3.0,59,4,-7.56,16.2
2026-08-17,2026,823427,PHI,SL,Slider,85.1,2403.0,0.21,-0.36,-0.0114612862221242,1.7466407720537371,3.178756562,1.604232283,R,2,2,foul,,8.0,59,5,2.52,-4.32
2026-08-17,2026,823427,PHI,FF,4-Seam Fastball,97.3,2360.0,-0.5,1.45,0.9612546688199918,2.306943386927548,3.178756562,1.604232283,R,2,2,hit_into_play,field_out,14.0,59,6,-6.0,17.4
2026-08-17,2026,823427,PHI,SL,Slider,85.0,2420.0,0.29,-0.08,-0.3253233467070747,2.374350206983857,3.055011483,1.541781496,L,0,0,called_strike,,4.0,60,1,3.48,-0.96
2026-08-17,2026,823427,PHI,FF,4-Seam Fastball,97.0,2308.0,-0.68,1.39,0.6123842054067683,2.5126747461979075,3.055011483,1.541781496,L,0,1,foul,,6.0,60,2,-8.16,16.68
2026-08-17,2026,823427,PHI,CH,Changeup,89.3,1646.0,-0.98,0.41,-1.173948274040093,1.1795347447849127,3.055011483,1.541781496,L,0,2,ball,,13.0,60,3,-11.76,4.92
2026-08-17,2026,823427,PHI,SL,Slider,87.0,2416.0,0.11,0.02,1.608017737911544,-0.1762797347277898,3.055011483,1.541781496,L,1,2,ball,,14.0,60,4,1.32,0.24
2026-08-17,2026,823427,PHI,FF,4-Seam Fastball,98.1,2439.0,-0.62,1.48,-0.3724567440924343,2.073405098950288,3.055011483,1.541781496,L,2,2,foul,,4.0,60,5,-7.44,17.76
2026-08-17,2026,823427,PHI,CH,Changeup,90.8,1695.0,-1.28,0.32,-1.344233273099243,1.2335213952173336,3.055011483,1.541781496,L,2,2,ball,,13.0,60,6,-15.36,3.84
2026-08-17,2026,823427,PHI,FF,4-Seam Fastball,97.9,2369.0,-0.38,1.49,0.0291949408853634,3.418118904097303,3.055011483,1.541781496,L,3,2,foul,,12.0,60,7,-4.56,17.88
2026-08-17,2026,823427,PHI,FF,4-Seam Fastball,96.5,2076.0,-0.52,1.26,0.4817481309997937,2.8391865900170368,3.055011483,1.541781496,L,3,2,hit_into_play,single,3.0,60,8,-6.24,15.12
2026-08-17,2026,823427,PHI,SI,Sinker,96.6,2270.0,-1.3,1.02,-0.0318691865799116,2.1783912626910507,3.256865158,1.643651575,R,0,0,called_strike,,5.0,61,1,-15.6,12.24
2026-08-17,2026,823427,PHI,SI,Sinker,96.7,2192.0,-1.25,0.78,-0.1174384165517121,2.4966281525396914,3.256865158,1.643651575,R,0,1,hit_into_play,single,5.0,61,2,-15.0,9.36
2026-08-17,2026,823427,PHI,FF,4-Seam Fastball,96.0,2438.0,-0.64,1.76,0.52985985948129,1.8098400917340824,3.136630577,1.582972441,R,0,0,called_strike,,9.0,62,1,-7.68,21.12
2026-08-17,2026,823427,PHI,SL,Slider,85.8,2328.0,0.09,-0.02,1.5190564092248378,1.1959333572568025,3.136630577,1.582972441,R,0,1,ball,,14.0,62,2,1.08,-0.24
2026-08-17,2026,823427,PHI,SL,Slider,88.3,2583.0,-0.02,0.15,2.01340158954882,-1.161455687921634,3.136630577,1.582972441,R,1,1,blocked_ball,,14.0,62,3,-0.24,1.8
2026-08-17,2026,823427,PHI,ST,Sweeper,83.6,2574.0,1.53,0.04,-1.1908438545189135,4.91270427513747,3.136630577,1.582972441,R,2,1,ball,,11.0,62,4,18.36,0.48
2026-08-17,2026,823427,PHI,FF,4-Seam Fastball,97.3,2608.0,-0.67,1.69,0.9280198251021208,3.2067077781654354,3.136630577,1.582972441,R,3,1,ball,walk,12.0,62,5,-8.04,20.28
2026-08-17,2026,823427,PHI,,,,,,,,,,,R,0,0,automatic_strike,,,63,1,,
2026-08-17,2026,823427,PHI,SI,Sinker,96.6,2338.0,-1.14,1.16,-1.310047137525721,3.4585146026719578,2.995333005,1.511663386,R,0,1,foul,,11.0,63,2,-13.68,13.92
2026-08-17,2026,823427,PHI,SL,Slider,86.1,2311.0,0.11,0.03,0.6090999077774337,2.570199287266034,2.995333005,1.511663386,R,0,2,hit_into_play,double,3.0,63,3,1.32,0.36
2026-08-17,2026,823427,PHI,FF,4-Seam Fastball,96.8,2412.0,-0.78,1.48,0.4536166504424838,3.0018083529628123,3.118200459,1.57367126,R,0,0,called_strike,,3.0,64,1,-9.36,17.76
2026-08-17,2026,823427,PHI,SI,Sinker,96.5,2308.0,-1.3,0.95,-0.6044065654758999,2.419472220417961,3.118200459,1.57367126,R,0,1,foul,,4.0,64,2,-15.6,11.4
2026-08-17,2026,823427,PHI,FF,4-Seam Fastball,96.8,2586.0,-0.69,1.43,-0.4650974688940652,4.4298471941117885,3.118200459,1.57367126,R,0,2,ball,,11.0,64,3,-8.28,17.16
2026-08-17,2026,823427,PHI,FF,4-Seam Fastball,97.3,2511.0,-0.98,1.33,0.1399240799647636,3.031415998430069,3.118200459,1.57367126,R,1,2,foul,,2.0,64,4,-11.76,15.96
2026-08-17,2026,823427,PHI,ST,Sweeper,84.7,2496.0,1.19,0.09,0.5623234632072707,3.3651338706679184,3.118200459,1.57367126,R,1,2,swinging_strike,strikeout,12.0,64,5,14.28,1.08
2026-08-19,2026,823424,PHI,SI,Sinker,95.9,2374.0,-1.38,1.11,-1.092404164088446,1.568592052174163,2.995333005,1.511663386,R,0,0,ball,,13.0,58,1,-16.56,13.32
2026-08-19,2026,823424,PHI,ST,Sweeper,82.7,2656.0,0.75,-0.01,0.9656372790362328,1.4481918438838697,2.995333005,1.511663386,R,1,0,ball,,14.0,58,2,9.0,-0.12
2026-08-19,2026,823424,PHI,FF,4-Seam Fastball,94.8,2501.0,-0.91,1.53,-0.1360390964398359,2.029430825663769,2.995333005,1.511663386,R,2,0,called_strike,,5.0,58,3,-10.92,18.36
2026-08-19,2026,823424,PHI,FF,4-Seam Fastball,96.7,2580.0,-0.59,1.56,0.933177192107003,2.386693875767005,2.995333005,1.511663386,R,2,1,foul,,12.0,58,4,-7.08,18.72
2026-08-19,2026,823424,PHI,ST,Sweeper,85.1,2759.0,0.97,-0.17,1.3807437102230702,1.4262426272747275,2.995333005,1.511663386,R,2,2,ball,,14.0,58,5,11.64,-2.04
2026-08-19,2026,823424,PHI,ST,Sweeper,83.3,2727.0,1.3,-0.16,-0.5730793379538435,2.750959287866317,2.995333005,1.511663386,R,3,2,hit_into_play,single,1.0,58,6,15.6,-1.92
2026-08-19,2026,823424,PHI,FF,4-Seam Fastball,96.8,2615.0,-0.69,1.76,-0.2682605536371825,3.44817277841205,3.212106299,1.621062992,L,0,0,ball,,11.0,59,1,-8.28,21.12
2026-08-19,2026,823424,PHI,FF,4-Seam Fastball,96.9,2576.0,-0.93,1.67,-0.6676894038424621,1.966924709345782,3.212106299,1.621062992,L,1,0,called_strike,,7.0,59,2,-11.16,20.04
2026-08-19,2026,823424,PHI,CH,Changeup,90.9,1531.0,-1.14,0.73,0.1753905953629488,0.856657223317548,3.212106299,1.621062992,L,1,1,swinging_strike,,14.0,59,3,-13.68,8.76
2026-08-19,2026,823424,PHI,FF,4-Seam Fastball,97.6,2577.0,-0.83,1.69,-1.3438384851289085,1.4219034158711403,3.212106299,1.621062992,L,1,2,ball,,13.0,59,4,-9.96,20.28
2026-08-19,2026,823424,PHI,FF,4-Seam Fastball,98.6,2695.0,-0.91,1.66,0.4286789641528858,2.042581864511562,3.212106299,1.621062992,L,2,2,foul,,9.0,59,5,-10.92,19.92
2026-08-19,2026,823424,PHI,CH,Changeup,91.4,1581.0,-1.07,0.29,0.0917898400650476,0.1410710746963128,3.212106299,1.621062992,L,2,2,blocked_ball,,14.0,59,6,-12.84,3.48
2026-08-19,2026,823424,PHI,FF,4-Seam Fastball,97.2,2463.0,-0.55,1.54,-0.1146321628531186,2.606130916976345,3.212106299,1.621062992,L,3,2,hit_into_play,field_out,5.0,59,7,-6.6,18.48
2026-08-19,2026,823424,PHI,FF,4-Seam Fastball,96.8,2393.0,-0.67,1.6,0.2974965171821946,3.2337158558272137,3.136630577,1.582972441,R,0,0,ball,,3.0,60,1,-8.04,19.2
2026-08-19,2026,823424,PHI,SL,Slider,88.3,2547.0,0.08,0.05,1.9539412539166248,0.6955275681602147,3.136630577,1.582972441,R,1,0,ball,,14.0,60,2,0.96,0.6
2026-08-19,2026,823424,PHI,FF,4-Seam Fastball,97.6,2479.0,-0.53,1.56,0.7280503301858827,2.682447645666995,3.136630577,1.582972441,R,2,0,called_strike,,3.0,60,3,-6.36,18.72
2026-08-19,2026,823424,PHI,SL,Slider,87.9,2566.0,-0.07,0.05,1.3357048848885378,-0.4210852360369328,3.136630577,1.582972441,R,2,1,blocked_ball,,14.0,60,4,-0.84,0.6
2026-08-19,2026,823424,PHI,FF,4-Seam Fastball,97.6,2327.0,-0.62,1.48,0.2470674533814751,2.482635173609217,3.136630577,1.582972441,R,3,1,foul,,5.0,60,5,-7.44,17.76
2026-08-19,2026,823424,PHI,ST,Sweeper,85.0,2382.0,1.28,-0.44,0.8174839213552061,2.1370247437031664,3.136630577,1.582972441,R,3,2,foul,,6.0,60,6,15.36,-5.28
2026-08-19,2026,823424,PHI,SI,Sinker,97.8,2318.0,-1.29,0.96,1.3286276799837256,1.7590472943233508,3.136630577,1.582972441,R,3,2,ball,walk,14.0,60,7,-15.48,11.52
2026-08-19,2026,823424,PHI,SI,Sinker,97.0,2157.0,-1.37,0.85,-0.9881692835141151,1.1743657171036317,3.055011483,1.541781496,L,0,0,ball,,13.0,61,1,-16.44,10.2
2026-08-19,2026,823424,PHI,FF,4-Seam Fastball,97.7,2422.0,-0.53,1.5,0.5120671873686351,2.9711942549061363,3.055011483,1.541781496,L,1,0,foul,,3.0,61,2,-6.36,18.0
2026-08-19,2026,823424,PHI,CH,Changeup,91.1,1492.0,-0.88,0.36,-0.0270772387143566,2.4611770883926414,3.055011483,1.541781496,L,1,1,foul,,5.0,61,3,-10.56,4.32
2026-08-19,2026,823424,PHI,SL,Slider,87.8,2464.0,0.11,0.11,0.9293262049263342,-0.2755010773550932,3.055011483,1.541781496,L,1,2,blocked_ball,,14.0,61,4,1.32,1.32
2026-08-19,2026,823424,PHI,CH,Changeup,91.2,1643.0,-1.24,0.59,-0.5307417250750446,3.3350603313109204,3.055011483,1.541781496,L,2,2,hit_into_play,field_out,11.0,61,5,-14.88,7.08
2026-08-19,2026,823424,PHI,CH,Changeup,90.7,1631.0,-1.09,0.39,0.1214904669785856,2.539434208201746,3.234046916,1.632135827,L,0,0,called_strike,,5.0,62,1,-13.08,4.68
2026-08-19,2026,823424,PHI,FF,4-Seam Fastball,97.6,2517.0,-0.73,1.5,0.0508861453269404,2.257575452264844,3.234046916,1.632135827,L,0,1,foul,,5.0,62,2,-8.76,18.0
2026-08-19,2026,823424,PHI,FF,4-Seam Fastball,98.1,2486.0,-0.84,1.37,-0.6240700803160156,3.689332671679944,3.234046916,1.632135827,L,0,2,swinging_strike,strikeout,11.0,62,3,-10.08,16.44
2026-08-25,2026,823098,PHI,SL,Slider,85.5,2449.0,0.25,-0.07,-0.1265425743821208,2.214096128890352,3.110301837,1.569685039,L,0,0,foul,,5.0,62,1,3.0,-0.84
2026-08-25,2026,823098,PHI,ST,Sweeper,83.9,2663.0,1.11,-0.3,0.7625494691803751,1.3741822565897803,3.110301837,1.569685039,L,0,1,ball,,14.0,62,2,13.32,-3.6
2026-08-25,2026,823098,PHI,SL,Slider,85.7,2487.0,0.19,0.09,-0.9361508580657302,2.31643960571252,3.110301837,1.569685039,L,1,1,foul,,13.0,62,3,2.28,1.08
2026-08-25,2026,823098,PHI,CH,Changeup,90.4,1670.0,-1.13,0.55,-1.351145840462734,2.403988758485315,3.110301837,1.569685039,L,1,2,hit_into_play,field_out,11.0,62,4,-13.56,6.6
2026-08-25,2026,823098,PHI,FF,4-Seam Fastball,96.6,2423.0,-0.87,1.52,-1.3605297656870854,4.5595043030344735,3.282316273,1.656496063,L,0,0,ball,,11.0,63,1,-10.44,18.24
2026-08-25,2026,823098,PHI,CH,Changeup,91.2,1598.0,-1.34,0.22,-1.0962787159346454,0.3514875093124732,3.282316273,1.656496063,L,1,0,ball,,13.0,63,2,-16.08,2.64
2026-08-25,2026,823098,PHI,FF,4-Seam Fastball,97.5,2561.0,-0.56,1.9,0.7024945514088032,2.332054762834412,3.282316273,1.656496063,L,2,0,foul,,6.0,63,3,-6.72,22.8
2026-08-25,2026,823098,PHI,FF,4-Seam Fastball,97.9,2492.0,-0.64,1.59,1.642475902573362,2.9614323586766864,3.282316273,1.656496063,L,2,1,ball,,12.0,63,4,-7.68,19.08
2026-08-25,2026,823098,PHI,FF,4-Seam Fastball,97.9,2466.0,-0.63,1.59,-0.59293086897069,2.176392783766005,3.282316273,1.656496063,L,3,1,called_strike,,4.0,63,5,-7.56,19.08
2026-08-25,2026,823098,PHI,FF,4-Seam Fastball,98.7,2517.0,-0.64,1.56,-0.1497070460529848,4.2609050241076645,3.282316273,1.656496063,L,3,2,foul,,11.0,63,6,-7.68,18.72
2026-08-25,2026,823098,PHI,FF,4-Seam Fastball,98.6,2404.0,-0.67,1.55,0.2741999586394326,2.3548992609051167,3.282316273,1.656496063,L,3,2,foul,,5.0,63,7,-8.04,18.6
2026-08-25,2026,823098,PHI,FF,4-Seam Fastball,96.4,2469.0,-0.61,1.63,0.7903389101504384,2.6075366346407884,3.282316273,1.656496063,L,3,2,foul,,6.0,63,8,-7.32,19.56
2026-08-25,2026,823098,PHI,FF,4-Seam Fastball,99.1,2504.0,-0.4,1.52,-0.8181417920029805,3.938353297859108,3.282316273,1.656496063,L,3,2,ball,walk,11.0,63,9,-4.8,18.24
2026-08-25,2026,823098,PHI,FF,4-Seam Fastball,97.7,2380.0,-0.53,1.43,0.2069106318537948,2.988857128134619,3.133120079,1.581200787,L,0,0,foul,,2.0,64,1,-6.36,17.16
2026-08-25,2026,823098,PHI,CH,Changeup,91.0,1835.0,-1.15,0.53,-0.8107000170284979,2.9388345895506283,3.133120079,1.581200787,L,0,1,called_strike,,1.0,64,2,-13.8,6.36
2026-08-25,2026,823098,PHI,SL,Slider,88.8,2426.0,0.14,0.18,1.9319829124006824,-0.7633337895900834,3.133120079,1.581200787,L,0,2,blocked_ball,,14.0,64,3,1.68,2.16
2026-08-25,2026,823098,PHI,CH,Changeup,90.4,1796.0,-0.87,0.42,-0.9389369759690948,2.210440269553789,3.133120079,1.581200787,L,1,2,hit_into_play,force_out,13.0,64,4,-10.44,5.04
2026-08-25,2026,823098,PHI,FF,4-Seam Fastball,98.0,2494.0,-0.49,1.68,0.9504836550785358,3.1066793608747068,3.190165682,1.609990158,R,0,0,called_strike,,12.0,65,1,-5.88,20.16
2026-08-25,2026,823098,PHI,SI,Sinker,97.5,2503.0,-1.22,1.11,-0.9601375984235664,1.5564851896802798,3.190165682,1.609990158,R,0,1,ball,,13.0,65,2,-14.64,13.32
2026-08-25,2026,823098,PHI,SI,Sinker,97.4,2420.0,-1.26,1.31,-0.1412307568934825,2.303719061995511,3.190165682,1.609990158,R,1,1,hit_into_play,field_out,5.0,65,3,-15.12,15.72
2026-08-28,2026,823985,PHI,SI,Sinker,96.3,2258.0,-1.19,1.08,0.1693067534246968,1.180065057812845,3.301624016,1.666240158,R,0,0,ball,,14.0,70,1,-14.28,12.96
2026-08-28,2026,823985,PHI,SI,Sinker,96.4,2169.0,-1.14,0.96,-0.3893612415731564,1.266810785284135,3.301624016,1.666240158,R,1,0,ball,,13.0,70,2,-13.68,11.52
2026-08-28,2026,823985,PHI,FF,4-Seam Fastball,95.9,2489.0,-0.72,1.49,-0.1974331748050077,2.596544144348776,3.301624016,1.666240158,R,2,0,called_strike,,5.0,70,3,-8.64,17.88
2026-08-28,2026,823985,PHI,ST,Sweeper,84.7,2783.0,1.21,0.01,1.1627354457554404,1.7497934837505964,3.301624016,1.666240158,R,2,1,ball,,14.0,70,4,14.52,0.12
2026-08-28,2026,823985,PHI,FF,4-Seam Fastball,96.7,2447.0,-0.51,1.54,-0.1841810664366195,3.629990702825686,3.301624016,1.666240158,R,3,1,foul,,11.0,70,5,-6.12,18.48
2026-08-28,2026,823985,PHI,FF,4-Seam Fastball,96.9,2513.0,-0.46,1.5,0.5319063339467331,3.401197099916336,3.301624016,1.666240158,R,3,2,foul,,3.0,70,6,-5.52,18.0
2026-08-28,2026,823985,PHI,FF,4-Seam Fastball,96.4,2362.0,-0.7,1.56,-1.2209017826921618,3.97343181287723,3.301624016,1.666240158,R,3,2,hit_by_pitch,hit_by_pitch,11.0,70,7,-8.4,18.72
2026-08-28,2026,823985,PHI,FF,4-Seam Fastball,96.7,2294.0,-0.86,1.52,-0.1932191628440142,2.824543971582903,3.040091864,1.534251969,L,0,0,swinging_strike,,2.0,71,1,-10.32,18.24
2026-08-28,2026,823985,PHI,FF,4-Seam Fastball,97.2,2328.0,-0.85,1.46,0.3583865305592177,2.6964262648351816,3.040091864,1.534251969,L,0,1,called_strike,,3.0,71,2,-10.2,17.52
2026-08-28,2026,823985,PHI,FF,4-Seam Fastball,96.9,2159.0,-0.88,1.32,0.091480662903315,2.653015993159719,3.040091864,1.534251969,L,0,2,hit_into_play,force_out,2.0,71,3,-10.56,15.84
2026-08-28,2026,823985,PHI,FF,4-Seam Fastball,96.5,2416.0,-0.44,1.44,0.8232354847464964,3.645093284995097,3.219127297,1.624606299,R,0,0,ball,,12.0,72,1,-5.28,17.28
2026-08-28,2026,823985,PHI,FF,4-Seam Fastball,97.5,2390.0,-0.79,1.31,0.4398375422956926,3.1295247563684008,3.219127297,1.624606299,R,1,0,called_strike,,3.0,72,2,-9.48,15.72
2026-08-28,2026,823985,PHI,SL,Slider,87.6,2457.0,0.32,0.11,1.07476787352421,2.0560478182316846,3.219127297,1.624606299,R,1,1,hit_into_play,fielders_choice,14.0,72,3,3.84,1.32
2026-08-28,2026,823985,PHI,SI,Sinker,96.3,2291.0,-1.1,1.21,-0.6432921487133165,3.5153147156235254,3.305134514,1.668011811,R,0,0,ball,,11.0,73,1,-13.2,14.52
2026-08-28,2026,823985,PHI,SI,Sinker,96.0,2369.0,-1.04,1.08,0.1445994961341696,2.388316282970794,3.305134514,1.668011811,R,1,0,called_strike,,5.0,73,2,-12.48,12.96
2026-08-28,2026,823985,PHI,FF,4-Seam Fastball,96.1,2377.0,-0.65,1.53,-0.7503574415643196,4.374991037320401,3.305134514,1.668011811,R,1,1,ball,,11.0,73,3,-7.8,18.36
2026-08-28,2026,823985,PHI,SI,Sinker,96.8,2394.0,-1.16,1.13,1.279506932485866,2.7177591529608067,3.305134514,1.668011811,R,2,1,ball,,12.0,73,4,-13.92,13.56
2026-08-28,2026,823985,PHI,FF,4-Seam Fastball,95.3,2488.0,-0.59,1.56,-0.5026939322727643,2.2613393923036798,3.305134514,1.668011811,R,3,1,swinging_strike,,4.0,73,5,-7.08,18.72
2026-08-28,2026,823985,PHI,FF,4-Seam Fastball,96.2,2498.0,-0.68,1.57,0.3064387531632625,3.1344189448998723,3.305134514,1.668011811,R,3,2,foul,,3.0,73,6,-8.16,18.84
2026-08-28,2026,823985,PHI,SL,Slider,86.3,2517.0,0.27,-0.15,1.2918135511397484,1.4180675121255404,3.305134514,1.668011811,R,3,2,swinging_strike,strikeout,14.0,73,7,3.24,-1.8
2026-08-28,2026,823985,PHI,FF,4-Seam Fastball,96.6,2540.0,-0.58,1.49,0.0177829364457483,2.617655808013395,3.111179462,1.570127953,L,0,0,called_strike,,5.0,74,1,-6.96,17.88
2026-08-28,2026,823985,PHI,FF,4-Seam Fastball,96.4,2495.0,-0.6,1.5,-0.0546042272855394,3.3169834985334354,3.111179462,1.570127953,L,0,1,foul,,11.0,74,2,-7.2,18.0
2026-08-28,2026,823985,PHI,FF,4-Seam Fastball,95.9,2392.0,-0.42,1.43,-1.652550250077391,4.758235738361447,3.111179462,1.570127953,L,0,2,ball,,11.0,74,3,-5.04,17.16
2026-08-28,2026,823985,PHI,SL,Slider,85.9,2386.0,0.13,-0.09,-0.8458549520417034,1.8309874796771128,3.111179462,1.570127953,L,1,2,foul,,13.0,74,4,1.56,-1.08
2026-08-28,2026,823985,PHI,FF,4-Seam Fastball,96.8,2521.0,-0.47,1.52,-0.1100024358550302,3.9175382410218687,3.111179462,1.570127953,L,1,2,swinging_strike,strikeout,11.0,74,5,-5.64,18.24
2026-08-29,2026,823986,PHI,FF,4-Seam Fastball,95.0,2487.0,-0.49,1.54,0.3334099623810329,2.7427627044913248,3.040091864,1.534251969,L,0,0,foul,,3.0,58,1,-5.88,18.48
2026-08-29,2026,823986,PHI,CH,Changeup,89.0,1671.0,-0.65,0.64,-1.510852470930577,3.852849388597087,3.040091864,1.534251969,L,0,1,ball,,11.0,58,2,-7.8,7.68
2026-08-29,2026,823986,PHI,FF,4-Seam Fastball,95.5,2390.0,-0.42,1.42,-1.0168431159052993,3.061440516629488,3.040091864,1.534251969,L,1,1,ball,,11.0,58,3,-5.04,17.04
2026-08-29,2026,823986,PHI,FF,4-Seam Fastball,95.7,2385.0,-0.58,1.44,0.6247430852652258,1.9961567330918724,3.040091864,1.534251969,L,2,1,called_strike,,6.0,58,4,-6.96,17.28
2026-08-29,2026,823986,PHI,FF,4-Seam Fastball,96.6,2364.0,-0.64,1.49,0.2162055730796125,3.579094724226496,3.040091864,1.534251969,L,2,2,foul_tip,strikeout,12.0,58,5,-7.68,17.88
2026-08-29,2026,823986,PHI,FF,4-Seam Fastball,96.8,2439.0,-0.59,1.48,-0.2471294959601286,2.816330679063081,3.098015092,1.563484252,L,0,0,hit_into_play,field_out,2.0,59,1,-7.08,17.76
2026-08-29,2026,823986,PHI,ST,Sweeper,84.3,2608.0,1.43,-0.21,0.2621642374011399,1.9392727198745647,3.169980315,1.59980315,R,0,0,called_strike,,8.0,60,1,17.16,-2.52
2026-08-29,2026,823986,PHI,SL,Slider,86.1,2530.0,0.22,-0.17,1.5268050114406977,0.7413990518295615,3.169980315,1.59980315,R,0,1,ball,,14.0,60,2,2.64,-2.04
2026-08-29,2026,823986,PHI,SL,Slider,85.8,2492.0,0.19,-0.25,0.1039027189545338,0.9887355791405504,3.169980315,1.59980315,R,1,1,foul,,14.0,60,3,2.28,-3.0
2026-08-29,2026,823986,PHI,FF,4-Seam Fastball,96.6,2426.0,-0.52,1.47,1.5638747484113042,2.563220636378679,3.169980315,1.59980315,R,1,2,ball,,12.0,60,4,-6.24,17.64
2026-08-29,2026,823986,PHI,SL,Slider,84.8,2465.0,0.24,-0.47,-0.8431890225877983,2.1692249611671897,3.169980315,1.59980315,R,2,2,foul,,13.0,60,5,2.88,-5.64
2026-08-29,2026,823986,PHI,FF,4-Seam Fastball,97.0,2507.0,-0.38,1.48,0.1070792832350352,3.766293371961705,3.169980315,1.59980315,R,2,2,foul,,12.0,60,6,-4.56,17.76
2026-08-29,2026,823986,PHI,SL,Slider,86.5,2456.0,0.1,-0.12,1.4081518438720488,0.5612774224594514,3.169980315,1.59980315,R,2,2,ball,,14.0,60,7,1.2,-1.44
2026-08-29,2026,823986,PHI,SL,Slider,86.3,2403.0,0.08,-0.23,0.3724153825200648,1.8813207537828407,3.169980315,1.59980315,R,3,2,foul,,9.0,60,8,0.96,-2.76
2026-08-29,2026,823986,PHI,SL,Slider,86.0,2469.0,0.14,-0.15,1.1221320640608643,1.0586332072256353,3.169980315,1.59980315,R,3,2,foul,,14.0,60,9,1.68,-1.8
2026-08-29,2026,823986,PHI,SL,Slider,84.7,2418.0,0.26,-0.46,-0.1490061911334956,1.8543060563826088,3.169980315,1.59980315,R,3,2,foul,,8.0,60,10,3.12,-5.52
2026-08-29,2026,823986,PHI,FF,4-Seam Fastball,96.8,2478.0,-0.22,1.53,1.205282978128214,2.771425016632415,3.169980315,1.59980315,R,3,2,foul,,12.0,60,11,-2.64,18.36
2026-08-29,2026,823986,PHI,ST,Sweeper,83.6,2658.0,1.62,-0.17,0.0639861215146322,1.952082729162908,3.169980315,1.59980315,R,3,2,hit_into_play,home_run,8.0,60,12,19.44,-2.04
2026-08-29,2026,823986,PHI,ST,Sweeper,84.0,2495.0,1.4,-0.11,0.4864519383342442,2.110363638390333,3.243700787,1.637007874,R,0,0,called_strike,,9.0,61,1,16.8,-1.32
2026-08-29,2026,823986,PHI,FF,4-Seam Fastball,96.4,2389.0,-0.48,1.49,0.3023052575736801,3.854847412884591,3.243700787,1.637007874,R,0,1,ball,,12.0,61,2,-5.76,17.88
2026-08-29,2026,823986,PHI,FF,4-Seam Fastball,96.5,2508.0,-0.5,1.6,0.0435978817930287,2.3109625262090434,3.243700787,1.637007874,R,1,1,swinging_strike,,5.0,61,3,-6.0,19.2
2026-08-29,2026,823986,PHI,FF,4-Seam Fastball,96.5,2388.0,-0.27,1.47,1.137216362089129,3.9929692328640014,3.243700787,1.637007874,R,1,2,ball,,12.0,61,4,-3.24,17.64
2026-08-29,2026,823986,PHI,FF,4-Seam Fastball,96.9,2589.0,-0.32,1.67,1.2091086679478469,3.852886158681313,3.243700787,1.637007874,R,2,2,ball,,12.0,61,5,-3.84,20.04
2026-08-29,2026,823986,PHI,FF,4-Seam Fastball,97.3,2581.0,-0.33,1.62,-0.1326502541138587,3.418027897578713,3.243700787,1.637007874,R,3,2,swinging_strike,strikeout,11.0,61,6,-3.96,19.44
2026-09-01,2026,825038,PHI,FF,4-Seam Fastball,95.4,2374.0,-0.78,1.46,-0.8906229535677425,2.388707639304556,3.31742126,1.674212598,L,0,0,called_strike,,13.0,61,1,-9.36,17.52
2026-09-01,2026,825038,PHI,FF,4-Seam Fastball,96.4,2390.0,-0.72,1.42,-0.2887558518907573,2.9692484540971567,3.31742126,1.674212598,L,0,1,swinging_strike,,1.0,61,2,-8.64,17.04
2026-09-01,2026,825038,PHI,FF,4-Seam Fastball,96.7,2377.0,-0.74,1.33,-0.4401031697140171,2.664065266028005,3.31742126,1.674212598,L,0,2,foul,,4.0,61,3,-8.88,15.96
2026-09-01,2026,825038,PHI,FF,4-Seam Fastball,96.0,2476.0,-0.71,1.49,0.3167400397528783,4.369338418536623,3.31742126,1.674212598,L,0,2,ball,,12.0,61,4,-8.52,17.88
2026-09-01,2026,825038,PHI,FF,4-Seam Fastball,96.8,2529.0,-0.55,1.57,0.3415666821059829,1.6567680923621066,3.31742126,1.674212598,L,1,2,called_strike,strikeout,9.0,61,5,-6.6,18.84
2026-09-01,2026,825038,PHI,FF,4-Seam Fastball,95.0,2445.0,-0.6,1.41,-0.2606509899433341,3.501266935800425,3.10328084,1.566141732,L,0,0,ball,,11.0,69,1,-7.2,16.92
2026-09-01,2026,825038,PHI,FF,4-Seam Fastball,95.8,2349.0,-0.73,1.41,-0.6656555397574759,2.998101925082929,3.10328084,1.566141732,L,1,0,called_strike,,1.0,69,2,-8.76,16.92
2026-09-01,2026,825038,PHI,CH,Changeup,89.4,1383.0,-0.88,0.33,-0.3217242138624355,2.3782393360401657,3.10328084,1.566141732,L,1,1,foul,,4.0,69,3,-10.56,3.96
2026-09-01,2026,825038,PHI,FF,4-Seam Fastball,95.5,2317.0,-0.63,1.31,-0.4024569217462576,3.518674079008471,3.10328084,1.566141732,L,1,2,foul,,11.0,69,4,-7.56,15.72
2026-09-01,2026,825038,PHI,FF,4-Seam Fastball,96.7,2311.0,-0.49,1.39,-0.4698135198605088,3.95660728118137,3.10328084,1.566141732,L,1,2,ball,,11.0,69,5,-5.88,16.68
2026-09-01,2026,825038,PHI,FF,4-Seam Fastball,96.2,2452.0,-0.47,1.49,0.0503101326650569,3.656175443032932,3.10328084,1.566141732,L,2,2,foul,,12.0,69,6,-5.64,17.88
2026-09-01,2026,825038,PHI,SL,Slider,86.4,2420.0,0.17,-0.38,-0.4271975375134621,2.434986190453288,3.10328084,1.566141732,L,2,2,foul,,4.0,69,7,2.04,-4.56
2026-09-01,2026,825038,PHI,CH,Changeup,90.9,1757.0,-0.83,0.2,-0.7720964728968019,1.454359870136003,3.10328084,1.566141732,L,2,2,foul,,13.0,69,8,-9.96,2.4
2026-09-01,2026,825038,PHI,FF,4-Seam Fastball,97.1,2429.0,-0.6,1.38,0.9144417570358272,2.8768164302044643,3.10328084,1.566141732,L,2,2,foul_tip,strikeout,12.0,69,9,-7.2,16.56
2026-09-01,2026,825038,PHI,FF,4-Seam Fastball,97.6,2290.0,-0.53,1.39,0.387723968872989,2.229227892160428,3.071686352,1.55019685,R,0,0,foul,,6.0,70,1,-6.36,16.68
2026-09-01,2026,825038,PHI,SL,Slider,86.3,2602.0,0.17,-0.25,0.7429958805749606,1.1294731571938792,3.071686352,1.55019685,R,0,1,ball,,14.0,70,2,2.04,-3.0
2026-09-01,2026,825038,PHI,FF,4-Seam Fastball,96.6,2446.0,-0.44,1.38,1.144940637768306,3.461181602682132,3.071686352,1.55019685,R,1,1,ball,,12.0,70,3,-5.28,16.56
2026-09-01,2026,825038,PHI,SL,Slider,87.0,2788.0,0.2,-0.3,0.0680277270391773,2.234937882587334,3.071686352,1.55019685,R,2,1,called_strike,,5.0,70,4,2.4,-3.6
2026-09-01,2026,825038,PHI,FF,4-Seam Fastball,97.7,2358.0,-0.54,1.42,-0.8206589924717282,3.268095420016663,3.071686352,1.55019685,R,2,2,hit_into_play,field_out,11.0,70,5,-6.48,17.04
2026-09-01,2026,825038,PHI,CH,Changeup,91.3,1646.0,-1.18,0.3,0.3705389316491061,0.7991905761076352,3.218249672,1.624163386,L,0,0,ball,,14.0,71,1,-14.16,3.6
2026-09-01,2026,825038,PHI,FF,4-Seam Fastball,97.0,2371.0,-0.43,1.4,0.283984959526821,2.531366181302674,3.218249672,1.624163386,L,1,0,hit_into_play,field_out,6.0,71,2,-5.16,16.8
2026-09-02,2026,825037,PHI,ST,Sweeper,82.7,2497.0,1.07,-0.32,0.1650227429507842,1.6671942405790017,3.280561024,1.655610236,R,0,0,hit_into_play,home_run,8.0,52,1,12.84,-3.84
2026-09-02,2026,825037,PHI,FF,4-Seam Fastball,95.0,2302.0,-0.73,1.49,-1.5069913541030595,3.407287963227736,3.161204068,1.595374016,L,0,0,ball,,11.0,53,1,-8.76,17.88
2026-09-02,2026,825037,PHI,FF,4-Seam Fastball,95.0,2361.0,-0.52,1.4,-0.2403131735518703,3.9155995375456074,3.161204068,1.595374016,L,1,0,foul,,11.0,53,2,-6.24,16.8
2026-09-02,2026,825037,PHI,CH,Changeup,88.7,1732.0,-0.9,0.15,-0.6050243740295888,2.3616873927237,3.161204068,1.595374016,L,1,1,hit_into_play,field_out,4.0,53,3,-10.8,1.8
2026-09-02,2026,825037,PHI,SI,Sinker,95.0,2165.0,-1.31,0.77,-1.1886417685581263,2.45851529850352,3.222637795,1.626377953,R,0,0,ball,,11.0,54,1,-15.72,9.24
2026-09-02,2026,825037,PHI,SL,Slider,86.1,2438.0,0.33,-0.27,0.9560242624996522,2.0229437241240475,3.222637795,1.626377953,R,1,0,foul,,14.0,54,2,3.96,-3.24
2026-09-02,2026,825037,PHI,FF,4-Seam Fastball,95.7,2440.0,-0.54,1.42,0.0058293516048224,3.034873056262149,3.222637795,1.626377953,R,1,1,swinging_strike,,2.0,54,3,-6.48,17.04
2026-09-02,2026,825037,PHI,SL,Slider,85.1,2254.0,0.13,-0.03,0.9768606103027389,2.480376230851155,3.222637795,1.626377953,R,1,2,called_strike,strikeout,12.0,54,4,1.56,-0.36
2026-09-02,2026,825037,PHI,FF,4-Seam Fastball,96.2,2456.0,-0.42,1.39,-0.0046957815036922,2.6918282167797263,3.259498032,1.644980315,L,0,0,called_strike,,5.0,55,1,-5.04,16.68
2026-09-02,2026,825037,PHI,FF,4-Seam Fastball,95.8,2508.0,-0.46,1.39,-0.1547866249185587,3.7336712256049394,3.259498032,1.644980315,L,0,1,foul,,11.0,55,2,-5.52,16.68
2026-09-02,2026,825037,PHI,SL,Slider,86.6,2564.0,0.18,-0.08,1.6779924631454777,-1.485654721736943,3.259498032,1.644980315,L,0,2,ball,,14.0,55,3,2.16,-0.96
2026-09-02,2026,825037,PHI,FF,4-Seam Fastball,96.6,2416.0,-0.63,1.43,0.5315745124005137,3.7242479946094456,3.259498032,1.644980315,L,1,2,swinging_strike,strikeout,12.0,55,4,-7.56,17.16
2026-09-05,2026,823419,PHI,FF,4-Seam Fastball,95.9,2474.0,-0.42,1.7,0.1667182478201181,3.219200007222542,2.984801509,1.506348425,L,0,0,swinging_strike,,12.0,54,1,-5.04,20.4
2026-09-05,2026,823419,PHI,FF,4-Seam Fastball,97.2,2459.0,-0.53,1.54,-0.3763353119795246,3.020945184587554,2.984801509,1.506348425,L,0,1,foul,,1.0,54,2,-6.36,18.48
2026-09-05,2026,823419,PHI,SL,Slider,86.4,2523.0,-0.18,-0.17,0.8627459235808966,-0.7218274287452386,2.984801509,1.506348425,L,0,2,ball,,14.0,54,3,-2.16,-2.04
2026-09-05,2026,823419,PHI,FF,4-Seam Fastball,98.5,2614.0,-0.8,1.57,-0.2389564107051037,2.8001050100855664,2.984801509,1.506348425,L,1,2,hit_into_play,field_out,2.0,54,4,-9.6,18.84
2026-09-05,2026,823419,PHI,FF,4-Seam Fastball,98.6,2451.0,-0.79,1.44,-0.3381009854585576,2.6587873834185074,3.176123688,1.602903543,L,0,0,foul,,4.0,55,1,-9.48,17.28
2026-09-05,2026,823419,PHI,CH,Changeup,92.1,1605.0,-1.31,0.33,-1.438546379930481,1.5703622150883705,3.176123688,1.602903543,L,0,1,ball,,13.0,55,2,-15.72,3.96
2026-09-05,2026,823419,PHI,FF,4-Seam Fastball,98.3,2449.0,-0.53,1.56,-0.2331534392389341,3.352549105492998,3.176123688,1.602903543,L,1,1,foul,,11.0,55,3,-6.36,18.72
2026-09-05,2026,823419,PHI,FF,4-Seam Fastball,98.5,2626.0,-0.68,1.72,-0.5993243800666946,2.522299109204383,3.176123688,1.602903543,L,1,2,hit_into_play,field_out,4.0,55,4,-8.16,20.64
2026-09-05,2026,823419,PHI,FF,4-Seam Fastball,98.8,2533.0,-0.38,1.51,0.5528673096432609,2.5545449072608197,3.273540026,1.652066929,R,0,0,swinging_strike,,6.0,56,1,-4.56,18.12
2026-09-05,2026,823419,PHI,FF,4-Seam Fastball,99.6,2488.0,-0.6,1.22,0.1930252036232139,2.988035607958221,3.273540026,1.652066929,R,0,1,foul,,2.0,56,2,-7.2,14.64
2026-09-05,2026,823419,PHI,SL,Slider,89.4,2574.0,0.09,-0.33,0.7162178177293816,0.0696074959526917,3.273540026,1.652066929,R,0,2,ball,,14.0,56,3,1.08,-3.96
2026-09-05,2026,823419,PHI,SL,Slider,89.2,2682.0,0.25,0.03,1.8512659172863624,0.5722910919589181,3.273540026,1.652066929,R,1,2,ball,,14.0,56,4,3.0,0.36
2026-09-05,2026,823419,PHI,FF,4-Seam Fastball,99.3,2443.0,-0.69,1.45,0.2945864613406991,2.927410633099827,3.273540026,1.652066929,R,2,2,hit_into_play,home_run,3.0,56,5,-8.28,17.4
2026-09-05,2026,823419,PHI,FF,4-Seam Fastball,99.3,2470.0,-0.62,1.58,-0.0891316790923961,2.5787305974693187,3.136630577,1.582972441,R,0,0,swinging_strike,,5.0,57,1,-7.44,18.96
2026-09-05,2026,823419,PHI,SI,Sinker,99.4,2411.0,-1.15,1.0,-0.0232276245143074,2.308273743608573,3.136630577,1.582972441,R,0,1,foul,,5.0,57,2,-13.8,12.0
2026-09-05,2026,823419,PHI,FF,4-Seam Fastball,98.8,2508.0,-0.32,1.47,1.7257313101986878,3.528131784007474,3.136630577,1.582972441,R,0,2,ball,,12.0,57,3,-3.84,17.64
2026-09-05,2026,823419,PHI,SL,Slider,87.7,2405.0,0.07,-0.4,0.342822717929137,1.6647249869597929,3.136630577,1.582972441,R,1,2,foul,,9.0,57,4,0.84,-4.8
2026-09-05,2026,823419,PHI,FF,4-Seam Fastball,98.3,2597.0,-0.6,1.34,0.3150428764483208,4.209588123067173,3.136630577,1.582972441,R,1,2,ball,,12.0,57,5,-7.2,16.08
2026-09-05,2026,823419,PHI,SI,Sinker,98.3,2379.0,-1.14,1.06,-0.0751896675709991,1.6240267031620004,3.136630577,1.582972441,R,2,2,called_strike,strikeout,8.0,57,6,-13.68,12.72
2026-09-09,2026,823416,PHI,FF,4-Seam Fastball,93.3,2157.0,-0.74,1.41,-1.6560806106519923,3.712012011331585,2.958472769,1.493061024,L,0,0,ball,,11.0,57,1,-8.88,16.92
2026-09-09,2026,823416,PHI,FF,4-Seam Fastball,93.8,2301.0,-0.79,1.56,-0.9663020100506616,2.936850538955526,2.958472769,1.493061024,L,1,0,ball,,11.0,57,2,-9.48,18.72
2026-09-09,2026,823416,PHI,FF,4-Seam Fastball,93.4,2236.0,-0.62,1.62,-0.7385438680579216,2.631008995575957,2.958472769,1.493061024,L,2,0,called_strike,,1.0,57,3,-7.44,19.44
2026-09-09,2026,823416,PHI,FF,4-Seam Fastball,94.0,2206.0,-0.8,1.55,-0.6662757818270798,2.7722044639546866,2.958472769,1.493061024,L,2,1,swinging_strike,,1.0,57,4,-9.6,18.6
2026-09-09,2026,823416,PHI,FF,4-Seam Fastball,95.4,2117.0,-0.7,1.42,-0.0428068642011534,2.614819284534056,2.958472769,1.493061024,L,2,2,foul,,2.0,57,5,-8.4,17.04
2026-09-09,2026,823416,PHI,SL,Slider,85.8,2472.0,0.02,-0.1,1.1811855399881537,1.145455390657761,2.958472769,1.493061024,L,2,2,foul,,14.0,57,6,0.24,-1.2
2026-09-09,2026,823416,PHI,FF,4-Seam Fastball,96.4,2351.0,-0.72,1.4,-0.6775398559833196,3.70875959830506,2.958472769,1.493061024,L,2,2,swinging_strike,strikeout,11.0,57,7,-8.64,16.8
2026-09-09,2026,823416,PHI,SI,Sinker,96.0,2026.0,-1.29,0.86,-1.3129075945774946,2.750169385518397,3.19718668,1.613533465,R,0,0,ball,,11.0,58,1,-15.48,10.32
2026-09-09,2026,823416,PHI,FF,4-Seam Fastball,96.8,2285.0,-0.9,1.34,0.5234700864017936,2.465977594712076,3.19718668,1.613533465,R,1,0,hit_into_play,double,6.0,58,2,-10.8,16.08
2026-09-09,2026,823416,PHI,CH,Changeup,89.7,1525.0,-1.2,0.68,-1.406409923841182,3.1446494945464245,3.392019357,1.711860236,L,0,0,ball,,11.0,59,1,-14.4,8.16
2026-09-09,2026,823416,PHI,CH,Changeup,90.5,1655.0,-1.07,0.73,-0.2683296100165639,3.388824911281751,3.392019357,1.711860236,L,1,0,called_strike,,2.0,59,2,-12.84,8.76
2026-09-09,2026,823416,PHI,FF,4-Seam Fastball,96.8,2280.0,-0.75,1.58,0.0969378423877144,2.795025588626713,3.392019357,1.711860236,L,1,1,swinging_strike,,5.0,59,3,-9.0,18.96
2026-09-09,2026,823416,PHI,FF,4-Seam Fastball,96.3,2210.0,-0.67,1.33,-0.0863726315121835,3.536057556530844,3.392019357,1.711860236,L,1,2,hit_into_play,field_out,11.0,59,4,-8.04,15.96
2026-09-09,2026,823416,PHI,FF,4-Seam Fastball,98.1,2308.0,-0.71,1.52,0.3313868372628686,1.8538296175565805,3.180511811,1.60511811,R,0,0,called_strike,,9.0,60,1,-8.52,18.24
2026-09-09,2026,823416,PHI,SI,Sinker,97.6,2301.0,-1.23,0.87,0.0201562733369813,1.4797826781666426,3.180511811,1.60511811,R,0,1,hit_into_play,single,14.0,60,2,-14.76,10.44
2026-09-09,2026,823416,PHI,SL,Slider,87.3,2434.0,0.17,-0.12,0.927660734833027,1.4436294060882102,2.926000656,1.476673228,R,0,0,ball,,14.0,61,1,2.04,-1.44
2026-09-09,2026,823416,PHI,SL,Slider,87.3,2476.0,0.21,-0.05,1.357317552728749,1.6694642588860225,2.926000656,1.476673228,R,1,0,ball,,14.0,61,2,2.52,-0.6
2026-09-09,2026,823416,PHI,SI,Sinker,96.9,2219.0,-1.26,0.94,-0.9644806079568976,2.103602367543142,2.926000656,1.476673228,R,2,0,foul,,13.0,61,3,-15.12,11.28
2026-09-09,2026,823416,PHI,FF,4-Seam Fastball,97.8,2261.0,-0.59,1.45,0.6890202561489046,3.169106488786852,2.926000656,1.476673228,R,2,1,ball,,12.0,61,4,-7.08,17.4
2026-09-09,2026,823416,PHI,FF,4-Seam Fastball,97.5,2314.0,-0.6,1.49,0.6268499083131082,2.521727937185509,2.926000656,1.476673228,R,3,1,swinging_strike,,3.0,61,5,-7.2,17.88
2026-09-09,2026,823416,PHI,SL,Slider,86.3,2328.0,0.21,-0.25,0.1175527720388945,2.2203960611163898,2.926000656,1.476673228,R,3,2,hit_into_play,field_out,5.0,61,6,2.52,-3.0
2026-09-11,2026,824873,PHI,FF,4-Seam Fastball,96.7,2498.0,-0.67,1.35,-0.1124504276854894,3.4734565550666257,3.273540026,1.652066929,R,0,0,foul,,11.0,67,1,-8.04,16.2
2026-09-11,2026,824873,PHI,SL,Slider,86.5,2620.0,0.29,-0.03,1.5115022078744664,1.3245483385464143,3.273540026,1.652066929,R,0,1,ball,,14.0,67,2,3.48,-0.36
2026-09-11,2026,824873,PHI,FF,4-Seam Fastball,96.6,2505.0,-0.66,1.46,0.1620358657973793,3.0272379267397795,3.273540026,1.652066929,R,1,1,swinging_strike,,2.0,67,3,-7.92,17.52
2026-09-11,2026,824873,PHI,FF,4-Seam Fastball,97.3,2455.0,-0.53,1.47,-0.0246625317362476,2.919778722444731,3.273540026,1.652066929,R,1,2,foul,,2.0,67,4,-6.36,17.64
2026-09-11,2026,824873,PHI,FF,4-Seam Fastball,97.1,2515.0,-0.52,1.44,0.0907092218961732,4.633529924807991,3.273540026,1.652066929,R,1,2,ball,,12.0,67,5,-6.24,17.28
2026-09-11,2026,824873,PHI,SL,Slider,87.3,2607.0,0.21,-0.15,0.5019312344136277,0.9782069153383226,3.273540026,1.652066929,R,2,2,swinging_strike,strikeout,14.0,67,6,2.52,-1.8
2026-09-11,2026,824873,PHI,FF,4-Seam Fastball,97.8,2484.0,-0.72,1.49,-0.2778758144672431,2.349129751273363,3.125221457,1.577214567,L,0,0,swinging_strike,,4.0,68,1,-8.64,17.88
2026-09-11,2026,824873,PHI,FF,4-Seam Fastball,97.5,2411.0,-0.55,1.36,1.0078650673582272,3.273947698541561,3.125221457,1.577214567,L,0,1,ball,,12.0,68,2,-6.6,16.32
2026-09-11,2026,824873,PHI,SL,Slider,87.0,2237.0,0.1,-0.15,-0.2572188291786721,1.2078939445713397,3.125221457,1.577214567,L,1,1,hit_into_play,single,13.0,68,3,1.2,-1.8
2026-09-11,2026,824873,PHI,SI,Sinker,97.8,2206.0,-1.14,0.98,-0.0697131878150623,3.3044902017095543,3.326197507,1.678641732,R,0,0,foul,,2.0,69,1,-13.68,11.76
2026-09-11,2026,824873,PHI,SL,Slider,87.5,2409.0,0.17,-0.16,0.6176318102928213,2.846615879388313,3.326197507,1.678641732,R,0,1,hit_into_play,single,3.0,69,2,2.04,-1.92
2026-09-11,2026,824873,PHI,FF,4-Seam Fastball,97.3,2314.0,-0.7,1.2,-0.4610178055000787,4.123417708870118,3.205962927,1.617962598,L,0,0,ball,,11.0,70,1,-8.4,14.4
2026-09-11,2026,824873,PHI,FF,4-Seam Fastball,97.6,2335.0,-0.52,1.26,1.0753869494969952,2.683807944795727,3.205962927,1.617962598,L,1,0,swinging_strike,,12.0,70,2,-6.24,15.12
2026-09-11,2026,824873,PHI,FF,4-Seam Fastball,97.6,2278.0,-0.72,1.31,1.2644298402238614,2.3643892032239067,3.205962927,1.617962598,L,1,1,foul,,14.0,70,3,-8.64,15.72
2026-09-11,2026,824873,PHI,FF,4-Seam Fastball,96.7,2329.0,-0.49,1.42,-0.0734308717290413,4.1779929582947,3.205962927,1.617962598,L,1,2,ball,,11.0,70,4,-5.88,17.04
2026-09-11,2026,824873,PHI,SL,Slider,87.5,2238.0,0.2,-0.2,0.3465655297205698,2.429155907732195,3.205962927,1.617962598,L,2,2,foul,,6.0,70,5,2.4,-2.4
2026-09-11,2026,824873,PHI,FF,4-Seam Fastball,96.8,2404.0,-0.57,1.3,1.3351120471701945,3.6071683684008495,3.205962927,1.617962598,L,2,2,hit_by_pitch,hit_by_pitch,12.0,70,6,-6.84,15.6
2026-09-11,2026,824873,PHI,FF,4-Seam Fastball,97.4,2485.0,-0.51,1.49,0.2565130746057329,2.257642129535183,3.200697179,1.615305118,R,0,0,foul,,5.0,71,1,-6.12,17.88
2026-09-11,2026,824873,PHI,SI,Sinker,98.1,2433.0,-1.27,1.09,0.453031242106265,1.6485205817591355,3.200697179,1.615305118,R,0,1,called_strike,,9.0,71,2,-15.24,13.08
2026-09-11,2026,824873,PHI,SL,Slider,87.6,2400.0,0.08,-0.06,2.0884845563280807,0.5198134159612113,3.200697179,1.615305118,R,0,2,ball,,14.0,71,3,0.96,-0.72
2026-09-11,2026,824873,PHI,FF,4-Seam Fastball,97.2,2457.0,-0.36,1.55,1.005016298378982,2.664721639489951,3.200697179,1.615305118,R,1,2,hit_into_play,field_out,12.0,71,4,-4.32,18.6
2026-09-11,2026,824873,PHI,FF,4-Seam Fastball,97.3,2475.0,-0.59,1.38,0.2241855581650467,2.7709764606166853,3.37183399,1.701673228,L,0,0,hit_into_play,field_out,5.0,72,1,-7.08,16.56
2026-09-15,2026,822683,PHI,CH,Changeup,90.5,1478.0,-0.87,0.84,-0.3222196883084117,1.7368323927714746,3.180511811,1.60511811,L,0,0,hit_into_play,home_run,7.0,56,1,-10.44,10.08
2026-09-15,2026,822683,PHI,FF,4-Seam Fastball,95.9,2352.0,-0.79,1.33,-0.6318764862903646,3.465320518683061,3.488558071,1.760580709,L,0,0,ball,,1.0,57,1,-9.48,15.96
2026-09-15,2026,822683,PHI,FF,4-Seam Fastball,96.3,2411.0,-0.89,1.38,-0.6667479925314554,3.730773196823743,3.488558071,1.760580709,L,1,0,ball,,11.0,57,2,-10.68,16.56
2026-09-15,2026,822683,PHI,FF,4-Seam Fastball,95.8,2271.0,-0.73,1.37,-0.4223158765878911,2.420983762952451,3.488558071,1.760580709,L,2,0,called_strike,,4.0,57,3,-8.76,16.44
2026-09-15,2026,822683,PHI,FF,4-Seam Fastball,96.7,2357.0,-0.59,1.41,-0.2594837438972652,2.950842020359495,3.488558071,1.760580709,L,2,1,foul,,5.0,57,4,-7.08,16.92
2026-09-15,2026,822683,PHI,FF,4-Seam Fastball,97.0,2431.0,-0.86,1.49,-0.4942950047484596,1.8578816266302256,3.488558071,1.760580709,L,2,2,called_strike,strikeout,7.0,57,5,-10.32,17.88
2026-09-15,2026,822683,PHI,FF,4-Seam Fastball,95.7,2404.0,-0.55,1.55,1.420594878564656,2.912483016359165,3.370956365,1.701230315,R,0,0,ball,,12.0,58,1,-6.6,18.6
2026-09-15,2026,822683,PHI,FF,4-Seam Fastball,96.3,2380.0,-0.71,1.36,0.4511065352552303,2.164145209598094,3.370956365,1.701230315,R,1,0,called_strike,,9.0,58,2,-8.52,16.32
2026-09-15,2026,822683,PHI,SL,Slider,86.6,2527.0,0.29,-0.27,1.3511793250085968,0.9948503887987274,3.370956365,1.701230315,R,1,1,ball,,14.0,58,3,3.48,-3.24
2026-09-15,2026,822683,PHI,SL,Slider,86.5,2578.0,0.09,-0.21,1.1628238368779673,0.9521769362465968,3.370956365,1.701230315,R,2,1,swinging_strike,,14.0,58,4,1.08,-2.52
2026-09-15,2026,822683,PHI,FF,4-Seam Fastball,95.5,2481.0,-0.88,1.45,-0.6098145842762567,2.6105057854353517,3.370956365,1.701230315,R,2,2,swinging_strike,strikeout,4.0,58,5,-10.56,17.4
2026-09-17,2026,823573,PHI,FF,4-Seam Fastball,96.6,2414.0,-0.77,1.46,-0.7465285013378127,2.542172367793051,3.120833333,1.575,R,0,0,foul,,4.0,61,1,-9.24,17.52
2026-09-17,2026,823573,PHI,SL,Slider,86.2,2461.0,0.23,-0.01,0.7995367461997029,2.9131909073755224,3.120833333,1.575,R,0,1,swinging_strike,,3.0,61,2,2.76,-0.12
2026-09-17,2026,823573,PHI,FF,4-Seam Fastball,96.6,2467.0,-0.68,1.43,-0.4413328313311214,4.945086861522948,3.120833333,1.575,R,0,2,ball,,11.0,61,3,-8.16,17.16
2026-09-17,2026,823573,PHI,FF,4-Seam Fastball,95.9,2340.0,-0.58,1.49,0.6480699063557533,2.879318591436664,3.120833333,1.575,R,1,2,called_strike,strikeout,3.0,61,4,-6.96,17.88
2026-09-17,2026,823573,PHI,SL,Slider,86.7,2506.0,0.21,-0.15,1.2767211740207272,0.9567634092272423,3.327952756,1.679527559,L,0,0,ball,,14.0,62,1,2.52,-1.8
2026-09-17,2026,823573,PHI,FF,4-Seam Fastball,96.8,2306.0,-0.46,1.43,0.3384068682694701,3.461650628486743,3.327952756,1.679527559,L,1,0,foul,,12.0,62,2,-5.52,17.16
2026-09-17,2026,823573,PHI,CH,Changeup,90.7,1664.0,-1.11,0.53,-1.7579640537859142,4.441738522465661,3.327952756,1.679527559,L,1,1,ball,,11.0,62,3,-13.32,6.36
2026-09-17,2026,823573,PHI,SL,Slider,86.2,2302.0,0.14,-0.24,-0.1086482061373774,2.687140256765822,3.327952756,1.679527559,L,2,1,called_strike,,5.0,62,4,1.68,-2.88
2026-09-17,2026,823573,PHI,SL,Slider,85.0,2194.0,0.01,-0.2,-0.0152202167071139,1.172251691698496,3.327952756,1.679527559,L,2,2,ball,,13.0,62,5,0.12,-2.4
2026-09-17,2026,823573,PHI,FF,4-Seam Fastball,97.0,2324.0,-0.48,1.44,0.3218517371185669,4.157069773969798,3.327952756,1.679527559,L,3,2,ball,walk,12.0,62,6,-5.76,17.28
2026-09-17,2026,823573,PHI,FF,4-Seam Fastball,97.2,2288.0,-0.5,1.3,0.499288363671756,2.779626631968955,3.112057087,1.570570866,R,0,0,swinging_strike,,3.0,63,1,-6.0,15.6
2026-09-17,2026,823573,PHI,SI,Sinker,97.3,2309.0,-1.1,0.89,-0.431871264546916,1.8069330455261647,3.112057087,1.570570866,R,0,1,called_strike,,7.0,63,2,-13.2,10.68
2026-09-17,2026,823573,PHI,FF,4-Seam Fastball,97.4,2365.0,-0.58,1.49,0.8498912793597188,2.1117833262795997,3.112057087,1.570570866,R,0,2,ball,,14.0,63,3,-6.96,17.88
2026-09-17,2026,823573,PHI,FF,4-Seam Fastball,97.8,2222.0,-0.57,1.52,1.1164007739527164,1.502025068231588,3.112057087,1.570570866,R,1,2,ball,,14.0,63,4,-6.84,18.24
2026-09-17,2026,823573,PHI,SI,Sinker,98.1,2249.0,-1.0,1.15,0.9525777050548092,2.469643371807165,3.112057087,1.570570866,R,2,2,foul,,12.0,63,5,-12.0,13.8
2026-09-17,2026,823573,PHI,SL,Slider,87.0,2395.0,0.2,-0.03,1.0382425598817242,0.9535737519362866,3.112057087,1.570570866,R,2,2,ball,,14.0,63,6,2.4,-0.36
2026-09-17,2026,823573,PHI,FF,4-Seam Fastball,97.6,2367.0,-0.48,1.62,0.409966068116634,2.9368780573450763,3.112057087,1.570570866,R,3,2,swinging_strike,strikeout,3.0,63,7,-5.76,19.44
2026-09-17,2026,823573,PHI,FF,4-Seam Fastball,97.7,2176.0,-0.45,1.53,-0.8235916653678422,3.019123011257997,3.107668963,1.568356299,L,0,0,called_strike,,1.0,64,1,-5.4,18.36
2026-09-17,2026,823573,PHI,SL,Slider,86.9,2413.0,0.2,-0.21,0.1735619050811448,1.1321445322573354,3.107668963,1.568356299,L,0,1,ball,,14.0,64,2,2.4,-2.52
2026-09-17,2026,823573,PHI,SL,Slider,86.1,2427.0,0.2,-0.4,-0.6497396311348166,1.9871750391409055,3.107668963,1.568356299,L,1,1,foul,,7.0,64,3,2.4,-4.8
2026-09-17,2026,823573,PHI,FF,4-Seam Fastball,93.0,2122.0,-0.32,1.21,0.4891121844268131,3.558453996747941,3.107668963,1.568356299,L,1,2,ball,,12.0,64,4,-3.84,14.52
